betaK,deltaK,cK,betaE,deltaE,cE,percK,fX1,fX3,riskscore
2.7e-06,6.1,3.6,8.8e-07,6.1,3,80,0,0,0.81748660340997
2.7e-06,6.1,3.6,8.8e-07,6.1,3,80,0,0.05,0.86478809013305
2.7e-06,6.1,3.6,8.8e-07,6.1,3,80,0,0.1,0.896990188246081
2.7e-06,6.1,3.6,8.8e-07,6.1,3,80,0,0.15,0.919799088856936
2.7e-06,6.1,3.6,8.8e-07,6.1,3,80,0,0.2,0.936489275063692
2.7e-06,6.1,3.6,8.8e-07,6.1,3,80,0,0.25,0.949029177181457
2.7e-06,6.1,3.6,8.8e-07,6.1,3,80,0,0.3,0.958654423822024
2.7e-06,6.1,3.6,8.8e-07,6.1,3,80,0,0.35,0.966171479392626
2.7e-06,6.1,3.6,8.8e-07,6.1,3,80,0,0.4,0.972125340249727
2.7e-06,6.1,3.6,8.8e-07,6.1,3,80,0,0.45,0.976895759324723
2.7e-06,6.1,3.6,8.8e-07,6.1,3,80,0,0.5,0.980754559715382
2.7e-06,6.1,3.6,8.8e-07,6.1,3,80,0,0.55,0.9839008718845
2.7e-06,6.1,3.6,8.8e-07,6.1,3,80,0,0.6,0.986483521269874
2.7e-06,6.1,3.6,8.8e-07,6.1,3,80,0,0.65,0.988615644550787
2.7e-06,6.1,3.6,8.8e-07,6.1,3,80,0,0.7,0.990384517577115
2.7e-06,6.1,3.6,8.8e-07,6.1,3,80,0,0.75,0.991858320625705
2.7e-06,6.1,3.6,8.8e-07,6.1,3,80,0,0.8,0.993090885632505
2.7e-06,6.1,3.6,8.8e-07,6.1,3,80,0,0.85,0.994125123139715
2.7e-06,6.1,3.6,8.8e-07,6.1,3,80,0,0.9,0.99499550919758
2.7e-06,6.1,3.6,8.8e-07,6.1,3,80,0,0.95,0.99572994469254
2.7e-06,6.1,3.6,8.8e-07,6.1,3,80,0,1,0.996351143900904
2.7e-06,6.1,3.6,8.8e-07,6.1,3,80,0.05,0,0.785468758449553
2.7e-06,6.1,3.6,8.8e-07,6.1,3,80,0.05,0.05,0.843858791998401
2.7e-06,6.1,3.6,8.8e-07,6.1,3,80,0.05,0.1,0.882670274663078
2.7e-06,6.1,3.6,8.8e-07,6.1,3,80,0.05,0.15,0.909621484911674
2.7e-06,6.1,3.6,8.8e-07,6.1,3,80,0.05,0.2,0.929027958476485
2.7e-06,6.1,3.6,8.8e-07,6.1,3,80,0.05,0.25,0.943420417774097
2.7e-06,6.1,3.6,8.8e-07,6.1,3,80,0.05,0.3,0.954352095315501
2.7e-06,6.1,3.6,8.8e-07,6.1,3,80,0.05,0.35,0.962816863007443
2.7e-06,6.1,3.6,8.8e-07,6.1,3,80,0.05,0.4,0.969474648594665
2.7e-06,6.1,3.6,8.8e-07,6.1,3,80,0.05,0.45,0.974778356525776
2.7e-06,6.1,3.6,8.8e-07,6.1,3,80,0.05,0.5,0.97904785301504
2.7e-06,6.1,3.6,8.8e-07,6.1,3,80,0.05,0.55,0.982514824716706
2.7e-06,6.1,3.6,8.8e-07,6.1,3,80,0.05,0.6,0.985350720008679
2.7e-06,6.1,3.6,8.8e-07,6.1,3,80,0.05,0.65,0.987684802685034
2.7e-06,6.1,3.6,8.8e-07,6.1,3,80,0.05,0.7,0.989616062303795
2.7e-06,6.1,3.6,8.8e-07,6.1,3,80,0.05,0.75,0.991221357243597
2.7e-06,6.1,3.6,8.8e-07,6.1,3,80,0.05,0.8,0.992561046005745
2.7e-06,6.1,3.6,8.8e-07,6.1,3,80,0.05,0.85,0.993683015266549
2.7e-06,6.1,3.6,8.8e-07,6.1,3,80,0.05,0.9,0.994625584805633
2.7e-06,6.1,3.6,8.8e-07,6.1,3,80,0.05,0.95,0.995419651333556
2.7e-06,6.1,3.6,8.8e-07,6.1,3,80,0.05,1,NA
2.7e-06,6.1,3.6,8.8e-07,6.1,3,80,0.1,0,0.744992314719223
2.7e-06,6.1,3.6,8.8e-07,6.1,3,80,0.1,0.05,0.818109868953421
2.7e-06,6.1,3.6,8.8e-07,6.1,3,80,0.1,0.1,0.865455329010948
2.7e-06,6.1,3.6,8.8e-07,6.1,3,80,0.1,0.15,0.89761585902208
2.7e-06,6.1,3.6,8.8e-07,6.1,3,80,0.1,0.2,0.92036026158135
2.7e-06,6.1,3.6,8.8e-07,6.1,3,80,0.1,0.25,0.936984727018322
2.7e-06,6.1,3.6,8.8e-07,6.1,3,80,0.1,0.3,0.949464507268251
2.7e-06,6.1,3.6,8.8e-07,6.1,3,80,0.1,0.35,0.959036706707192
2.7e-06,6.1,3.6,8.8e-07,6.1,3,80,0.1,0.4,0.966507545232725
2.7e-06,6.1,3.6,8.8e-07,6.1,3,80,0.1,0.45,0.972421231949518
2.7e-06,6.1,3.6,8.8e-07,6.1,3,80,0.1,0.5,0.97715670150862
2.7e-06,6.1,3.6,8.8e-07,6.1,3,80,0.1,0.55,0.980985008110984
2.7e-06,6.1,3.6,8.8e-07,6.1,3,80,0.1,0.6,0.98410464253717
2.7e-06,6.1,3.6,8.8e-07,6.1,3,80,0.1,0.65,0.986663884692898
2.7e-06,6.1,3.6,8.8e-07,6.1,3,80,0.1,0.7,0.98877542616644
2.7e-06,6.1,3.6,8.8e-07,6.1,3,80,0.1,0.75,0.990526164013591
2.7e-06,6.1,3.6,8.8e-07,6.1,3,80,0.1,0.8,0.99198396387247
2.7e-06,6.1,3.6,8.8e-07,6.1,3,80,0.1,0.85,0.993202387919527
2.7e-06,6.1,3.6,8.8e-07,6.1,3,80,0.1,0.9,0.994224117163363
2.7e-06,6.1,3.6,8.8e-07,6.1,3,80,0.1,0.95,NA
2.7e-06,6.1,3.6,8.8e-07,6.1,3,80,0.1,1,NA
2.7e-06,6.1,3.6,8.8e-07,6.1,3,80,0.15,0,0.693007019763868
2.7e-06,6.1,3.6,8.8e-07,6.1,3,80,0.15,0.05,0.785985667527052
2.7e-06,6.1,3.6,8.8e-07,6.1,3,80,0.15,0.1,0.844518638851059
2.7e-06,6.1,3.6,8.8e-07,6.1,3,80,0.15,0.15,0.883320406883421
2.7e-06,6.1,3.6,8.8e-07,6.1,3,80,0.15,0.2,0.910214884033629
2.7e-06,6.1,3.6,8.8e-07,6.1,3,80,0.15,0.25,0.929555209579555
2.7e-06,6.1,3.6,8.8e-07,6.1,3,80,0.15,0.3,0.943884608014377
2.7e-06,6.1,3.6,8.8e-07,6.1,3,80,0.15,0.35,0.954759844385711
2.7e-06,6.1,3.6,8.8e-07,6.1,3,80,0.15,0.4,0.963175171012931
2.7e-06,6.1,3.6,8.8e-07,6.1,3,80,0.15,0.45,0.969789930925056
2.7e-06,6.1,3.6,8.8e-07,6.1,3,80,0.15,0.5,0.975056207284354
2.7e-06,6.1,3.6,8.8e-07,6.1,3,80,0.15,0.55,0.979293076491884
2.7e-06,6.1,3.6,8.8e-07,6.1,3,80,0.15,0.6,0.982731528569048
2.7e-06,6.1,3.6,8.8e-07,6.1,3,80,0.15,0.65,0.985542427471914
2.7e-06,6.1,3.6,8.8e-07,6.1,3,80,0.15,0.7,0.987854547051014
2.7e-06,6.1,3.6,8.8e-07,6.1,3,80,0.15,0.75,0.989766471192496
2.7e-06,6.1,3.6,8.8e-07,6.1,3,80,0.15,0.8,0.991354712034589
2.7e-06,6.1,3.6,8.8e-07,6.1,3,80,0.15,0.85,0.992679341995028
2.7e-06,6.1,3.6,8.8e-07,6.1,3,80,0.15,0.9,NA
2.7e-06,6.1,3.6,8.8e-07,6.1,3,80,0.15,0.95,NA
2.7e-06,6.1,3.6,8.8e-07,6.1,3,80,0.15,1,NA
2.7e-06,6.1,3.6,8.8e-07,6.1,3,80,0.2,0,0.625149148549564
2.7e-06,6.1,3.6,8.8e-07,6.1,3,80,0.2,0.05,0.745293302863537
2.7e-06,6.1,3.6,8.8e-07,6.1,3,80,0.2,0.1,0.818724639235586
2.7e-06,6.1,3.6,8.8e-07,6.1,3,80,0.2,0.15,0.866118192472607
2.7e-06,6.1,3.6,8.8e-07,6.1,3,80,0.2,0.2,0.898239015440464
2.7e-06,6.1,3.6,8.8e-07,6.1,3,80,0.2,0.25,0.920919930863954
2.7e-06,6.1,3.6,8.8e-07,6.1,3,80,0.2,0.3,0.93747931227294
2.7e-06,6.1,3.6,8.8e-07,6.1,3,80,0.2,0.35,0.94989938968968
2.7e-06,6.1,3.6,8.8e-07,6.1,3,80,0.2,0.4,0.959418818078565
2.7e-06,6.1,3.6,8.8e-07,6.1,3,80,0.2,0.45,0.966843602916517
2.7e-06,6.1,3.6,8.8e-07,6.1,3,80,0.2,0.5,0.972717202502485
2.7e-06,6.1,3.6,8.8e-07,6.1,3,80,0.2,0.55,0.977417749541601
2.7e-06,6.1,3.6,8.8e-07,6.1,3,80,0.2,0.6,0.98121555603312
2.7e-06,6.1,3.6,8.8e-07,6.1,3,80,0.2,0.65,0.984308484042825
2.7e-06,6.1,3.6,8.8e-07,6.1,3,80,0.2,0.7,0.986844279906695
2.7e-06,6.1,3.6,8.8e-07,6.1,3,80,0.2,0.75,0.988935195691877
2.7e-06,6.1,3.6,8.8e-07,6.1,3,80,0.2,0.8,0.990667755661808
2.7e-06,6.1,3.6,8.8e-07,6.1,3,80,0.2,0.85,NA
2.7e-06,6.1,3.6,8.8e-07,6.1,3,80,0.2,0.9,NA
2.7e-06,6.1,3.6,8.8e-07,6.1,3,80,0.2,0.95,NA
2.7e-06,6.1,3.6,8.8e-07,6.1,3,80,0.2,1,NA
2.7e-06,6.1,3.6,8.8e-07,6.1,3,80,0.25,0,0.535183112263028
2.7e-06,6.1,3.6,8.8e-07,6.1,3,80,0.25,0.05,0.692905549914609
2.7e-06,6.1,3.6,8.8e-07,6.1,3,80,0.25,0.1,0.786489690894492
2.7e-06,6.1,3.6,8.8e-07,6.1,3,80,0.25,0.15,0.845172475997107
2.7e-06,6.1,3.6,8.8e-07,6.1,3,80,0.25,0.2,0.883967313677282
2.7e-06,6.1,3.6,8.8e-07,6.1,3,80,0.25,0.25,0.910806441383733
2.7e-06,6.1,3.6,8.8e-07,6.1,3,80,0.25,0.3,0.93008141362385
2.7e-06,6.1,3.6,8.8e-07,6.1,3,80,0.25,0.35,0.944348258974423
2.7e-06,6.1,3.6,8.8e-07,6.1,3,80,0.25,0.4,0.95516738919364
2.7e-06,6.1,3.6,8.8e-07,6.1,3,80,0.25,0.45,0.963533472626218
2.7e-06,6.1,3.6,8.8e-07,6.1,3,80,0.25,0.5,0.970105319422433
2.7e-06,6.1,3.6,8.8e-07,6.1,3,80,0.25,0.55,0.975334204618499
2.7e-06,6.1,3.6,8.8e-07,6.1,3,80,0.25,0.6,0.979538448538333
2.7e-06,6.1,3.6,8.8e-07,6.1,3,80,0.25,0.65,0.982948353039825
2.7e-06,6.1,3.6,8.8e-07,6.1,3,80,0.25,0.7,0.985734215185994
2.7e-06,6.1,3.6,8.8e-07,6.1,3,80,0.25,0.75,0.988024322990575
2.7e-06,6.1,3.6,8.8e-07,6.1,3,80,0.25,0.8,NA
2.7e-06,6.1,3.6,8.8e-07,6.1,3,80,0.25,0.85,NA
2.7e-06,6.1,3.6,8.8e-07,6.1,3,80,0.25,0.9,NA
2.7e-06,6.1,3.6,8.8e-07,6.1,3,80,0.25,0.95,NA
2.7e-06,6.1,3.6,8.8e-07,6.1,3,80,0.25,1,NA
2.7e-06,6.1,3.6,8.8e-07,6.1,3,80,0.3,0,0.41435300759245
2.7e-06,6.1,3.6,8.8e-07,6.1,3,80,0.3,0.05,0.624329228429544
2.7e-06,6.1,3.6,8.8e-07,6.1,3,80,0.3,0.1,0.74557366014971
2.7e-06,6.1,3.6,8.8e-07,6.1,3,80,0.3,0.15,0.81933070279803
2.7e-06,6.1,3.6,8.8e-07,6.1,3,80,0.3,0.2,0.866776743399468
2.7e-06,6.1,3.6,8.8e-07,6.1,3,80,0.3,0.25,0.898859846549399
2.7e-06,6.1,3.6,8.8e-07,6.1,3,80,0.3,0.3,0.921478309852185
2.7e-06,6.1,3.6,8.8e-07,6.1,3,80,0.3,0.35,0.937973242364651
2.7e-06,6.1,3.6,8.8e-07,6.1,3,80,0.3,0.4,0.950334009474625
2.7e-06,6.1,3.6,8.8e-07,6.1,3,80,0.3,0.45,0.959800916081202
2.7e-06,6.1,3.6,8.8e-07,6.1,3,80,0.3,0.5,0.967179784731276
2.7e-06,6.1,3.6,8.8e-07,6.1,3,80,0.3,0.55,0.97301336019916
2.7e-06,6.1,3.6,8.8e-07,6.1,3,80,0.3,0.6,0.977678993039597
2.7e-06,6.1,3.6,8.8e-07,6.1,3,80,0.3,0.65,0.981446276562528
2.7e-06,6.1,3.6,8.8e-07,6.1,3,80,0.3,0.7,0.984512455624148
2.7e-06,6.1,3.6,8.8e-07,6.1,3,80,0.3,0.75,NA
2.7e-06,6.1,3.6,8.8e-07,6.1,3,80,0.3,0.8,NA
2.7e-06,6.1,3.6,8.8e-07,6.1,3,80,0.3,0.85,NA
2.7e-06,6.1,3.6,8.8e-07,6.1,3,80,0.3,0.9,NA
2.7e-06,6.1,3.6,8.8e-07,6.1,3,80,0.3,0.95,NA
2.7e-06,6.1,3.6,8.8e-07,6.1,3,80,0.3,1,NA
2.7e-06,6.1,3.6,8.8e-07,6.1,3,80,0.35,0,0.250964951897942
2.7e-06,6.1,3.6,8.8e-07,6.1,3,80,0.35,0.05,0.533116003408677
2.7e-06,6.1,3.6,8.8e-07,6.1,3,80,0.35,0.1,0.692769185142412
2.7e-06,6.1,3.6,8.8e-07,6.1,3,80,0.35,0.15,0.786980388199118
2.7e-06,6.1,3.6,8.8e-07,6.1,3,80,0.35,0.2,0.845820288958492
2.7e-06,6.1,3.6,8.8e-07,6.1,3,80,0.35,0.25,0.884611140486458
2.7e-06,6.1,3.6,8.8e-07,6.1,3,80,0.35,0.3,0.911396364245293
2.7e-06,6.1,3.6,8.8e-07,6.1,3,80,0.35,0.35,0.930606788967363
2.7e-06,6.1,3.6,8.8e-07,6.1,3,80,0.35,0.4,0.944811574630681
2.7e-06,6.1,3.6,8.8e-07,6.1,3,80,0.35,0.45,0.955574899267751
2.7e-06,6.1,3.6,8.8e-07,6.1,3,80,0.35,0.5,0.963891915928613
2.7e-06,6.1,3.6,8.8e-07,6.1,3,80,0.35,0.55,0.970420932420483
2.7e-06,6.1,3.6,8.8e-07,6.1,3,80,0.35,0.6,0.975612449136059
2.7e-06,6.1,3.6,8.8e-07,6.1,3,80,0.35,0.65,0.97978404850509
2.7e-06,6.1,3.6,8.8e-07,6.1,3,80,0.35,0.7,NA
2.7e-06,6.1,3.6,8.8e-07,6.1,3,80,0.35,0.75,NA
2.7e-06,6.1,3.6,8.8e-07,6.1,3,80,0.35,0.8,NA
2.7e-06,6.1,3.6,8.8e-07,6.1,3,80,0.35,0.85,NA
2.7e-06,6.1,3.6,8.8e-07,6.1,3,80,0.35,0.9,NA
2.7e-06,6.1,3.6,8.8e-07,6.1,3,80,0.35,0.95,NA
2.7e-06,6.1,3.6,8.8e-07,6.1,3,80,0.35,1,NA
2.7e-06,6.1,3.6,8.8e-07,6.1,3,80,0.4,0,0.0311619786742861
2.7e-06,6.1,3.6,8.8e-07,6.1,3,80,0.4,0.05,0.410179243878076
2.7e-06,6.1,3.6,8.8e-07,6.1,3,80,0.4,0.1,0.623447658569861
2.7e-06,6.1,3.6,8.8e-07,6.1,3,80,0.4,0.15,0.745832512706071
2.7e-06,6.1,3.6,8.8e-07,6.1,3,80,0.4,0.2,0.819927885133692
2.7e-06,6.1,3.6,8.8e-07,6.1,3,80,0.4,0.25,0.867431078438128
2.7e-06,6.1,3.6,8.8e-07,6.1,3,80,0.4,0.3,0.899478535933265
2.7e-06,6.1,3.6,8.8e-07,6.1,3,80,0.4,0.35,0.922035628992578
2.7e-06,6.1,3.6,8.8e-07,6.1,3,80,0.4,0.4,0.938466736642175
2.7e-06,6.1,3.6,8.8e-07,6.1,3,80,0.4,0.45,0.950768561431629
2.7e-06,6.1,3.6,8.8e-07,6.1,3,80,0.4,0.5,0.960183170682607
2.7e-06,6.1,3.6,8.8e-07,6.1,3,80,0.4,0.55,0.967516228152705
2.7e-06,6.1,3.6,8.8e-07,6.1,3,80,0.4,0.6,0.97330981912871
2.7e-06,6.1,3.6,8.8e-07,6.1,3,80,0.4,0.65,NA
2.7e-06,6.1,3.6,8.8e-07,6.1,3,80,0.4,0.7,NA
2.7e-06,6.1,3.6,8.8e-07,6.1,3,80,0.4,0.75,NA
2.7e-06,6.1,3.6,8.8e-07,6.1,3,80,0.4,0.8,NA
2.7e-06,6.1,3.6,8.8e-07,6.1,3,80,0.4,0.85,NA
2.7e-06,6.1,3.6,8.8e-07,6.1,3,80,0.4,0.9,NA
2.7e-06,6.1,3.6,8.8e-07,6.1,3,80,0.4,0.95,NA
2.7e-06,6.1,3.6,8.8e-07,6.1,3,80,0.4,1,NA
2.7e-06,6.1,3.6,8.8e-07,6.1,3,80,0.45,0,-0.0643021505777454
2.7e-06,6.1,3.6,8.8e-07,6.1,3,80,0.45,0.05,0.243375409394704
2.7e-06,6.1,3.6,8.8e-07,6.1,3,80,0.45,0.1,0.530937318134762
2.7e-06,6.1,3.6,8.8e-07,6.1,3,80,0.45,0.15,0.692596101969846
2.7e-06,6.1,3.6,8.8e-07,6.1,3,80,0.45,0.2,0.787457358645401
2.7e-06,6.1,3.6,8.8e-07,6.1,3,80,0.45,0.25,0.846462083883788
2.7e-06,6.1,3.6,8.8e-07,6.1,3,80,0.45,0.3,0.88525205775808
2.7e-06,6.1,3.6,8.8e-07,6.1,3,80,0.45,0.35,0.911984887898311
2.7e-06,6.1,3.6,8.8e-07,6.1,3,80,0.45,0.4,0.931131571706687
2.7e-06,6.1,3.6,8.8e-07,6.1,3,80,0.45,0.45,0.945274770322265
2.7e-06,6.1,3.6,8.8e-07,6.1,3,80,0.45,0.5,0.955982559391959
2.7e-06,6.1,3.6,8.8e-07,6.1,3,80,0.45,0.55,0.964250654717654
2.7e-06,6.1,3.6,8.8e-07,6.1,3,80,0.45,0.6,NA
2.7e-06,6.1,3.6,8.8e-07,6.1,3,80,0.45,0.65,NA
2.7e-06,6.1,3.6,8.8e-07,6.1,3,80,0.45,0.7,NA
2.7e-06,6.1,3.6,8.8e-07,6.1,3,80,0.45,0.75,NA
2.7e-06,6.1,3.6,8.8e-07,6.1,3,80,0.45,0.8,NA
2.7e-06,6.1,3.6,8.8e-07,6.1,3,80,0.45,0.85,NA
2.7e-06,6.1,3.6,8.8e-07,6.1,3,80,0.45,0.9,NA
2.7e-06,6.1,3.6,8.8e-07,6.1,3,80,0.45,0.95,NA
2.7e-06,6.1,3.6,8.8e-07,6.1,3,80,0.45,1,NA
2.7e-06,6.1,3.6,8.8e-07,6.1,3,80,0.5,0,-0.154019742653617
2.7e-06,6.1,3.6,8.8e-07,6.1,3,80,0.5,0.05,0.0185815980980331
2.7e-06,6.1,3.6,8.8e-07,6.1,3,80,0.5,0.1,0.40580483213395
2.7e-06,6.1,3.6,8.8e-07,6.1,3,80,0.5,0.15,0.622500767773835
2.7e-06,6.1,3.6,8.8e-07,6.1,3,80,0.5,0.2,0.746068933974725
2.7e-06,6.1,3.6,8.8e-07,6.1,3,80,0.5,0.25,0.820516073768818
2.7e-06,6.1,3.6,8.8e-07,6.1,3,80,0.5,0.3,0.868081332544787
2.7e-06,6.1,3.6,8.8e-07,6.1,3,80,0.5,0.35,0.900095300194526
2.7e-06,6.1,3.6,8.8e-07,6.1,3,80,0.5,0.4,0.922592131560568
2.7e-06,6.1,3.6,8.8e-07,6.1,3,80,0.5,0.45,0.938960021385518
2.7e-06,6.1,3.6,8.8e-07,6.1,3,80,0.5,0.5,0.951203251114449
2.7e-06,6.1,3.6,8.8e-07,6.1,3,80,0.5,0.55,NA
2.7e-06,6.1,3.6,8.8e-07,6.1,3,80,0.5,0.6,NA
2.7e-06,6.1,3.6,8.8e-07,6.1,3,80,0.5,0.65,NA
2.7e-06,6.1,3.6,8.8e-07,6.1,3,80,0.5,0.7,NA
2.7e-06,6.1,3.6,8.8e-07,6.1,3,80,0.5,0.75,NA
2.7e-06,6.1,3.6,8.8e-07,6.1,3,80,0.5,0.8,NA
2.7e-06,6.1,3.6,8.8e-07,6.1,3,80,0.5,0.85,NA
2.7e-06,6.1,3.6,8.8e-07,6.1,3,80,0.5,0.9,NA
2.7e-06,6.1,3.6,8.8e-07,6.1,3,80,0.5,0.95,NA
2.7e-06,6.1,3.6,8.8e-07,6.1,3,80,0.5,1,NA
2.7e-06,6.1,3.6,8.8e-07,6.1,3,80,0.55,0,-0.25689378047968
2.7e-06,6.1,3.6,8.8e-07,6.1,3,80,0.55,0.05,-0.0692124977433922
2.7e-06,6.1,3.6,8.8e-07,6.1,3,80,0.55,0.1,0.235441519856104
2.7e-06,6.1,3.6,8.8e-07,6.1,3,80,0.55,0.15,0.528640053222053
2.7e-06,6.1,3.6,8.8e-07,6.1,3,80,0.55,0.2,0.692384408126312
2.7e-06,6.1,3.6,8.8e-07,6.1,3,80,0.55,0.25,0.787920247258585
2.7e-06,6.1,3.6,8.8e-07,6.1,3,80,0.55,0.3,0.847097904926608
2.7e-06,6.1,3.6,8.8e-07,6.1,3,80,0.55,0.35,0.88589026626567
2.7e-06,6.1,3.6,8.8e-07,6.1,3,80,0.55,0.4,0.912572259522626
2.7e-06,6.1,3.6,8.8e-07,6.1,3,80,0.55,0.45,0.931656011821188
2.7e-06,6.1,3.6,8.8e-07,6.1,3,80,0.55,0.5,NA
2.7e-06,6.1,3.6,8.8e-07,6.1,3,80,0.55,0.55,NA
2.7e-06,6.1,3.6,8.8e-07,6.1,3,80,0.55,0.6,NA
2.7e-06,6.1,3.6,8.8e-07,6.1,3,80,0.55,0.65,NA
2.7e-06,6.1,3.6,8.8e-07,6.1,3,80,0.55,0.7,NA
2.7e-06,6.1,3.6,8.8e-07,6.1,3,80,0.55,0.75,NA
2.7e-06,6.1,3.6,8.8e-07,6.1,3,80,0.55,0.8,NA
2.7e-06,6.1,3.6,8.8e-07,6.1,3,80,0.55,0.85,NA
2.7e-06,6.1,3.6,8.8e-07,6.1,3,80,0.55,0.9,NA
2.7e-06,6.1,3.6,8.8e-07,6.1,3,80,0.55,0.95,NA
2.7e-06,6.1,3.6,8.8e-07,6.1,3,80,0.55,1,NA
2.7e-06,6.1,3.6,8.8e-07,6.1,3,80,0.6,0,-0.363651084661328
2.7e-06,6.1,3.6,8.8e-07,6.1,3,80,0.6,0.05,-0.160822569727483
2.7e-06,6.1,3.6,8.8e-07,6.1,3,80,0.6,0.1,0.00802315223320058
2.7e-06,6.1,3.6,8.8e-07,6.1,3,80,0.6,0.15,0.401217847529005
2.7e-06,6.1,3.6,8.8e-07,6.1,3,80,0.6,0.2,0.621484724745855
2.7e-06,6.1,3.6,8.8e-07,6.1,3,80,0.6,0.25,0.746282018407903
2.7e-06,6.1,3.6,8.8e-07,6.1,3,80,0.6,0.3,0.821095193561733
2.7e-06,6.1,3.6,8.8e-07,6.1,3,80,0.6,0.35,0.868727667443051
2.7e-06,6.1,3.6,8.8e-07,6.1,3,80,0.6,0.4,0.900710385346985
2.7e-06,6.1,3.6,8.8e-07,6.1,3,80,0.6,0.45,NA
2.7e-06,6.1,3.6,8.8e-07,6.1,3,80,0.6,0.5,NA
2.7e-06,6.1,3.6,8.8e-07,6.1,3,80,0.6,0.55,NA
2.7e-06,6.1,3.6,8.8e-07,6.1,3,80,0.6,0.6,NA
2.7e-06,6.1,3.6,8.8e-07,6.1,3,80,0.6,0.65,NA
2.7e-06,6.1,3.6,8.8e-07,6.1,3,80,0.6,0.7,NA
2.7e-06,6.1,3.6,8.8e-07,6.1,3,80,0.6,0.75,NA
2.7e-06,6.1,3.6,8.8e-07,6.1,3,80,0.6,0.8,NA
2.7e-06,6.1,3.6,8.8e-07,6.1,3,80,0.6,0.85,NA
2.7e-06,6.1,3.6,8.8e-07,6.1,3,80,0.6,0.9,NA
2.7e-06,6.1,3.6,8.8e-07,6.1,3,80,0.6,0.95,NA
2.7e-06,6.1,3.6,8.8e-07,6.1,3,80,0.6,1,NA
2.7e-06,6.1,3.6,8.8e-07,6.1,3,80,0.65,0,-0.464248345421003
2.7e-06,6.1,3.6,8.8e-07,6.1,3,80,0.65,0.05,-0.26522366783373
2.7e-06,6.1,3.6,8.8e-07,6.1,3,80,0.65,0.1,-0.074303052588838
2.7e-06,6.1,3.6,8.8e-07,6.1,3,80,0.65,0.15,0.227145818974139
2.7e-06,6.1,3.6,8.8e-07,6.1,3,80,0.65,0.2,0.526216992355712
2.7e-06,6.1,3.6,8.8e-07,6.1,3,80,0.65,0.25,0.692132118007597
2.7e-06,6.1,3.6,8.8e-07,6.1,3,80,0.65,0.3,0.788368692652528
2.7e-06,6.1,3.6,8.8e-07,6.1,3,80,0.65,0.35,0.847727858308216
2.7e-06,6.1,3.6,8.8e-07,6.1,3,80,0.65,0.4,NA
2.7e-06,6.1,3.6,8.8e-07,6.1,3,80,0.65,0.45,NA
2.7e-06,6.1,3.6,8.8e-07,6.1,3,80,0.65,0.5,NA
2.7e-06,6.1,3.6,8.8e-07,6.1,3,80,0.65,0.55,NA
2.7e-06,6.1,3.6,8.8e-07,6.1,3,80,0.65,0.6,NA
2.7e-06,6.1,3.6,8.8e-07,6.1,3,80,0.65,0.65,NA
2.7e-06,6.1,3.6,8.8e-07,6.1,3,80,0.65,0.7,NA
2.7e-06,6.1,3.6,8.8e-07,6.1,3,80,0.65,0.75,NA
2.7e-06,6.1,3.6,8.8e-07,6.1,3,80,0.65,0.8,NA
2.7e-06,6.1,3.6,8.8e-07,6.1,3,80,0.65,0.85,NA
2.7e-06,6.1,3.6,8.8e-07,6.1,3,80,0.65,0.9,NA
2.7e-06,6.1,3.6,8.8e-07,6.1,3,80,0.65,0.95,NA
2.7e-06,6.1,3.6,8.8e-07,6.1,3,80,0.65,1,NA
2.7e-06,6.1,3.6,8.8e-07,6.1,3,80,0.7,0,-0.552248438178
2.7e-06,6.1,3.6,8.8e-07,6.1,3,80,0.7,0.05,-0.372675269125721
2.7e-06,6.1,3.6,8.8e-07,6.1,3,80,0.7,0.1,-0.167819138107585
2.7e-06,6.1,3.6,8.8e-07,6.1,3,80,0.7,0.15,-0.00187468820036351
2.7e-06,6.1,3.6,8.8e-07,6.1,3,80,0.7,0.2,0.396406223607281
2.7e-06,6.1,3.6,8.8e-07,6.1,3,80,0.7,0.25,0.620395455537665
2.7e-06,6.1,3.6,8.8e-07,6.1,3,80,0.7,0.3,0.746470863358517
2.7e-06,6.1,3.6,8.8e-07,6.1,3,80,0.7,0.35,NA
2.7e-06,6.1,3.6,8.8e-07,6.1,3,80,0.7,0.4,NA
2.7e-06,6.1,3.6,8.8e-07,6.1,3,80,0.7,0.45,NA
2.7e-06,6.1,3.6,8.8e-07,6.1,3,80,0.7,0.5,NA
2.7e-06,6.1,3.6,8.8e-07,6.1,3,80,0.7,0.55,NA
2.7e-06,6.1,3.6,8.8e-07,6.1,3,80,0.7,0.6,NA
2.7e-06,6.1,3.6,8.8e-07,6.1,3,80,0.7,0.65,NA
2.7e-06,6.1,3.6,8.8e-07,6.1,3,80,0.7,0.7,NA
2.7e-06,6.1,3.6,8.8e-07,6.1,3,80,0.7,0.75,NA
2.7e-06,6.1,3.6,8.8e-07,6.1,3,80,0.7,0.8,NA
2.7e-06,6.1,3.6,8.8e-07,6.1,3,80,0.7,0.85,NA
2.7e-06,6.1,3.6,8.8e-07,6.1,3,80,0.7,0.9,NA
2.7e-06,6.1,3.6,8.8e-07,6.1,3,80,0.7,0.95,NA
2.7e-06,6.1,3.6,8.8e-07,6.1,3,80,0.7,1,NA
2.7e-06,6.1,3.6,8.8e-07,6.1,3,80,0.75,0,-0.625796144522523
2.7e-06,6.1,3.6,8.8e-07,6.1,3,80,0.75,0.05,-0.473097119395655
2.7e-06,6.1,3.6,8.8e-07,6.1,3,80,0.75,0.1,-0.273708596889566
2.7e-06,6.1,3.6,8.8e-07,6.1,3,80,0.75,0.15,-0.0795775030719638
2.7e-06,6.1,3.6,8.8e-07,6.1,3,80,0.75,0.2,0.218471316847145
2.7e-06,6.1,3.6,8.8e-07,6.1,3,80,0.75,0.25,0.523660729716737
2.7e-06,6.1,3.6,8.8e-07,6.1,3,80,0.75,0.3,NA
2.7e-06,6.1,3.6,8.8e-07,6.1,3,80,0.75,0.35,NA
2.7e-06,6.1,3.6,8.8e-07,6.1,3,80,0.75,0.4,NA
2.7e-06,6.1,3.6,8.8e-07,6.1,3,80,0.75,0.45,NA
2.7e-06,6.1,3.6,8.8e-07,6.1,3,80,0.75,0.5,NA
2.7e-06,6.1,3.6,8.8e-07,6.1,3,80,0.75,0.55,NA
2.7e-06,6.1,3.6,8.8e-07,6.1,3,80,0.75,0.6,NA
2.7e-06,6.1,3.6,8.8e-07,6.1,3,80,0.75,0.65,NA
2.7e-06,6.1,3.6,8.8e-07,6.1,3,80,0.75,0.7,NA
2.7e-06,6.1,3.6,8.8e-07,6.1,3,80,0.75,0.75,NA
2.7e-06,6.1,3.6,8.8e-07,6.1,3,80,0.75,0.8,NA
2.7e-06,6.1,3.6,8.8e-07,6.1,3,80,0.75,0.85,NA
2.7e-06,6.1,3.6,8.8e-07,6.1,3,80,0.75,0.9,NA
2.7e-06,6.1,3.6,8.8e-07,6.1,3,80,0.75,0.95,NA
2.7e-06,6.1,3.6,8.8e-07,6.1,3,80,0.75,1,NA
2.7e-06,6.1,3.6,8.8e-07,6.1,3,80,0.8,0,-0.685987849910032
2.7e-06,6.1,3.6,8.8e-07,6.1,3,80,0.8,0.05,-0.560370124151312
2.7e-06,6.1,3.6,8.8e-07,6.1,3,80,0.8,0.1,-0.381782205617253
2.7e-06,6.1,3.6,8.8e-07,6.1,3,80,0.8,0.15,-0.175009808209773
2.7e-06,6.1,3.6,8.8e-07,6.1,3,80,0.8,0.2,-0.00578294309210982
2.7e-06,6.1,3.6,8.8e-07,6.1,3,80,0.8,0.25,NA
2.7e-06,6.1,3.6,8.8e-07,6.1,3,80,0.8,0.3,NA
2.7e-06,6.1,3.6,8.8e-07,6.1,3,80,0.8,0.35,NA
2.7e-06,6.1,3.6,8.8e-07,6.1,3,80,0.8,0.4,NA
2.7e-06,6.1,3.6,8.8e-07,6.1,3,80,0.8,0.45,NA
2.7e-06,6.1,3.6,8.8e-07,6.1,3,80,0.8,0.5,NA
2.7e-06,6.1,3.6,8.8e-07,6.1,3,80,0.8,0.55,NA
2.7e-06,6.1,3.6,8.8e-07,6.1,3,80,0.8,0.6,NA
2.7e-06,6.1,3.6,8.8e-07,6.1,3,80,0.8,0.65,NA
2.7e-06,6.1,3.6,8.8e-07,6.1,3,80,0.8,0.7,NA
2.7e-06,6.1,3.6,8.8e-07,6.1,3,80,0.8,0.75,NA
2.7e-06,6.1,3.6,8.8e-07,6.1,3,80,0.8,0.8,NA
2.7e-06,6.1,3.6,8.8e-07,6.1,3,80,0.8,0.85,NA
2.7e-06,6.1,3.6,8.8e-07,6.1,3,80,0.8,0.9,NA
2.7e-06,6.1,3.6,8.8e-07,6.1,3,80,0.8,0.95,NA
2.7e-06,6.1,3.6,8.8e-07,6.1,3,80,0.8,1,NA
2.7e-06,6.1,3.6,8.8e-07,6.1,3,80,0.85,0,-0.73503926588203
2.7e-06,6.1,3.6,8.8e-07,6.1,3,80,0.85,0.05,-0.63299201603065
2.7e-06,6.1,3.6,8.8e-07,6.1,3,80,0.85,0.1,-0.481962696820941
2.7e-06,6.1,3.6,8.8e-07,6.1,3,80,0.85,0.15,-0.282345818317588
2.7e-06,6.1,3.6,8.8e-07,6.1,3,80,0.85,0.2,NA
2.7e-06,6.1,3.6,8.8e-07,6.1,3,80,0.85,0.25,NA
2.7e-06,6.1,3.6,8.8e-07,6.1,3,80,0.85,0.3,NA
2.7e-06,6.1,3.6,8.8e-07,6.1,3,80,0.85,0.35,NA
2.7e-06,6.1,3.6,8.8e-07,6.1,3,80,0.85,0.4,NA
2.7e-06,6.1,3.6,8.8e-07,6.1,3,80,0.85,0.45,NA
2.7e-06,6.1,3.6,8.8e-07,6.1,3,80,0.85,0.5,NA
2.7e-06,6.1,3.6,8.8e-07,6.1,3,80,0.85,0.55,NA
2.7e-06,6.1,3.6,8.8e-07,6.1,3,80,0.85,0.6,NA
2.7e-06,6.1,3.6,8.8e-07,6.1,3,80,0.85,0.65,NA
2.7e-06,6.1,3.6,8.8e-07,6.1,3,80,0.85,0.7,NA
2.7e-06,6.1,3.6,8.8e-07,6.1,3,80,0.85,0.75,NA
2.7e-06,6.1,3.6,8.8e-07,6.1,3,80,0.85,0.8,NA
2.7e-06,6.1,3.6,8.8e-07,6.1,3,80,0.85,0.85,NA
2.7e-06,6.1,3.6,8.8e-07,6.1,3,80,0.85,0.9,NA
2.7e-06,6.1,3.6,8.8e-07,6.1,3,80,0.85,0.95,NA
2.7e-06,6.1,3.6,8.8e-07,6.1,3,80,0.85,1,NA
2.7e-06,6.1,3.6,8.8e-07,6.1,3,80,0.9,0,-0.775231389699242
2.7e-06,6.1,3.6,8.8e-07,6.1,3,80,0.9,0.05,-0.69227847893007
2.7e-06,6.1,3.6,8.8e-07,6.1,3,80,0.9,0.1,-0.568470056080253
2.7e-06,6.1,3.6,8.8e-07,6.1,3,80,0.9,0.15,NA
2.7e-06,6.1,3.6,8.8e-07,6.1,3,80,0.9,0.2,NA
2.7e-06,6.1,3.6,8.8e-07,6.1,3,80,0.9,0.25,NA
2.7e-06,6.1,3.6,8.8e-07,6.1,3,80,0.9,0.3,NA
2.7e-06,6.1,3.6,8.8e-07,6.1,3,80,0.9,0.35,NA
2.7e-06,6.1,3.6,8.8e-07,6.1,3,80,0.9,0.4,NA
2.7e-06,6.1,3.6,8.8e-07,6.1,3,80,0.9,0.45,NA
2.7e-06,6.1,3.6,8.8e-07,6.1,3,80,0.9,0.5,NA
2.7e-06,6.1,3.6,8.8e-07,6.1,3,80,0.9,0.55,NA
2.7e-06,6.1,3.6,8.8e-07,6.1,3,80,0.9,0.6,NA
2.7e-06,6.1,3.6,8.8e-07,6.1,3,80,0.9,0.65,NA
2.7e-06,6.1,3.6,8.8e-07,6.1,3,80,0.9,0.7,NA
2.7e-06,6.1,3.6,8.8e-07,6.1,3,80,0.9,0.75,NA
2.7e-06,6.1,3.6,8.8e-07,6.1,3,80,0.9,0.8,NA
2.7e-06,6.1,3.6,8.8e-07,6.1,3,80,0.9,0.85,NA
2.7e-06,6.1,3.6,8.8e-07,6.1,3,80,0.9,0.9,NA
2.7e-06,6.1,3.6,8.8e-07,6.1,3,80,0.9,0.95,NA
2.7e-06,6.1,3.6,8.8e-07,6.1,3,80,0.9,1,NA
2.7e-06,6.1,3.6,8.8e-07,6.1,3,80,0.95,0,-0.808508682511744
2.7e-06,6.1,3.6,8.8e-07,6.1,3,80,0.95,0.05,-0.740537530658217
2.7e-06,6.1,3.6,8.8e-07,6.1,3,80,0.95,0.1,NA
2.7e-06,6.1,3.6,8.8e-07,6.1,3,80,0.95,0.15,NA
2.7e-06,6.1,3.6,8.8e-07,6.1,3,80,0.95,0.2,NA
2.7e-06,6.1,3.6,8.8e-07,6.1,3,80,0.95,0.25,NA
2.7e-06,6.1,3.6,8.8e-07,6.1,3,80,0.95,0.3,NA
2.7e-06,6.1,3.6,8.8e-07,6.1,3,80,0.95,0.35,NA
2.7e-06,6.1,3.6,8.8e-07,6.1,3,80,0.95,0.4,NA
2.7e-06,6.1,3.6,8.8e-07,6.1,3,80,0.95,0.45,NA
2.7e-06,6.1,3.6,8.8e-07,6.1,3,80,0.95,0.5,NA
2.7e-06,6.1,3.6,8.8e-07,6.1,3,80,0.95,0.55,NA
2.7e-06,6.1,3.6,8.8e-07,6.1,3,80,0.95,0.6,NA
2.7e-06,6.1,3.6,8.8e-07,6.1,3,80,0.95,0.65,NA
2.7e-06,6.1,3.6,8.8e-07,6.1,3,80,0.95,0.7,NA
2.7e-06,6.1,3.6,8.8e-07,6.1,3,80,0.95,0.75,NA
2.7e-06,6.1,3.6,8.8e-07,6.1,3,80,0.95,0.8,NA
2.7e-06,6.1,3.6,8.8e-07,6.1,3,80,0.95,0.85,NA
2.7e-06,6.1,3.6,8.8e-07,6.1,3,80,0.95,0.9,NA
2.7e-06,6.1,3.6,8.8e-07,6.1,3,80,0.95,0.95,NA
2.7e-06,6.1,3.6,8.8e-07,6.1,3,80,0.95,1,NA
2.7e-06,6.1,3.6,8.8e-07,6.1,3,80,1,0,-0.836407155323361
2.7e-06,6.1,3.6,8.8e-07,6.1,3,80,1,0.05,NA
2.7e-06,6.1,3.6,8.8e-07,6.1,3,80,1,0.1,NA
2.7e-06,6.1,3.6,8.8e-07,6.1,3,80,1,0.15,NA
2.7e-06,6.1,3.6,8.8e-07,6.1,3,80,1,0.2,NA
2.7e-06,6.1,3.6,8.8e-07,6.1,3,80,1,0.25,NA
2.7e-06,6.1,3.6,8.8e-07,6.1,3,80,1,0.3,NA
2.7e-06,6.1,3.6,8.8e-07,6.1,3,80,1,0.35,NA
2.7e-06,6.1,3.6,8.8e-07,6.1,3,80,1,0.4,NA
2.7e-06,6.1,3.6,8.8e-07,6.1,3,80,1,0.45,NA
2.7e-06,6.1,3.6,8.8e-07,6.1,3,80,1,0.5,NA
2.7e-06,6.1,3.6,8.8e-07,6.1,3,80,1,0.55,NA
2.7e-06,6.1,3.6,8.8e-07,6.1,3,80,1,0.6,NA
2.7e-06,6.1,3.6,8.8e-07,6.1,3,80,1,0.65,NA
2.7e-06,6.1,3.6,8.8e-07,6.1,3,80,1,0.7,NA
2.7e-06,6.1,3.6,8.8e-07,6.1,3,80,1,0.75,NA
2.7e-06,6.1,3.6,8.8e-07,6.1,3,80,1,0.8,NA
2.7e-06,6.1,3.6,8.8e-07,6.1,3,80,1,0.85,NA
2.7e-06,6.1,3.6,8.8e-07,6.1,3,80,1,0.9,NA
2.7e-06,6.1,3.6,8.8e-07,6.1,3,80,1,0.95,NA
2.7e-06,6.1,3.6,8.8e-07,6.1,3,80,1,1,NA
