betaK,deltaK,cK,betaE,deltaE,cE,percK,fX1,fX3,riskscore
8.8e-07,6.1,2.4,2.7e-06,6.1,3.6,80,0,0,0.819402875716406
8.8e-07,6.1,2.4,2.7e-06,6.1,3.6,80,0,0.05,0.849415772250267
8.8e-07,6.1,2.4,2.7e-06,6.1,3.6,80,0,0.1,0.873692809565204
8.8e-07,6.1,2.4,2.7e-06,6.1,3.6,80,0,0.15,0.893546438665057
8.8e-07,6.1,2.4,2.7e-06,6.1,3.6,80,0,0.2,0.9099526289196
8.8e-07,6.1,2.4,2.7e-06,6.1,3.6,80,0,0.25,0.923640195127172
8.8e-07,6.1,2.4,2.7e-06,6.1,3.6,80,0,0.3,0.935157178282997
8.8e-07,6.1,2.4,2.7e-06,6.1,3.6,80,0,0.35,0.944919377792202
8.8e-07,6.1,2.4,2.7e-06,6.1,3.6,80,0,0.4,0.953245543162069
8.8e-07,6.1,2.4,2.7e-06,6.1,3.6,80,0,0.45,0.96038281415949
8.8e-07,6.1,2.4,2.7e-06,6.1,3.6,80,0,0.5,0.966525118199581
8.8e-07,6.1,2.4,2.7e-06,6.1,3.6,80,0,0.55,0.971826511907957
8.8e-07,6.1,2.4,2.7e-06,6.1,3.6,80,0,0.6,0.976410900830202
8.8e-07,6.1,2.4,2.7e-06,6.1,3.6,80,0,0.65,0.980379162859026
8.8e-07,6.1,2.4,2.7e-06,6.1,3.6,80,0,0.7,0.98381440376809
8.8e-07,6.1,2.4,2.7e-06,6.1,3.6,80,0,0.75,0.986785867083755
8.8e-07,6.1,2.4,2.7e-06,6.1,3.6,80,0,0.8,0.989351864256715
8.8e-07,6.1,2.4,2.7e-06,6.1,3.6,80,0,0.85,0.991561991638149
8.8e-07,6.1,2.4,2.7e-06,6.1,3.6,80,0,0.9,0.99345882080186
8.8e-07,6.1,2.4,2.7e-06,6.1,3.6,80,0,0.95,0.995079200009618
8.8e-07,6.1,2.4,2.7e-06,6.1,3.6,80,0,1,0.996455264914716
8.8e-07,6.1,2.4,2.7e-06,6.1,3.6,80,0.05,0,0.769508312735115
8.8e-07,6.1,2.4,2.7e-06,6.1,3.6,80,0.05,0.05,0.809563835303431
8.8e-07,6.1,2.4,2.7e-06,6.1,3.6,80,0.05,0.1,0.841512062101889
8.8e-07,6.1,2.4,2.7e-06,6.1,3.6,80,0.05,0.15,0.867273108444702
8.8e-07,6.1,2.4,2.7e-06,6.1,3.6,80,0.05,0.2,0.888275452638075
8.8e-07,6.1,2.4,2.7e-06,6.1,3.6,80,0.05,0.25,0.905580753351074
8.8e-07,6.1,2.4,2.7e-06,6.1,3.6,80,0.05,0.3,0.919980611789156
8.8e-07,6.1,2.4,2.7e-06,6.1,3.6,80,0.05,0.35,0.932068968567547
8.8e-07,6.1,2.4,2.7e-06,6.1,3.6,80,0.05,0.4,0.942295227525057
8.8e-07,6.1,2.4,2.7e-06,6.1,3.6,80,0.05,0.45,0.951002843439093
8.8e-07,6.1,2.4,2.7e-06,6.1,3.6,80,0.05,0.5,0.958457230122742
8.8e-07,6.1,2.4,2.7e-06,6.1,3.6,80,0.05,0.55,0.964865934754956
8.8e-07,6.1,2.4,2.7e-06,6.1,3.6,80,0.05,0.6,0.970393253413905
8.8e-07,6.1,2.4,2.7e-06,6.1,3.6,80,0.05,0.65,0.975170863305395
8.8e-07,6.1,2.4,2.7e-06,6.1,3.6,80,0.05,0.7,0.979305600815913
8.8e-07,6.1,2.4,2.7e-06,6.1,3.6,80,0.05,0.75,0.98288518890672
8.8e-07,6.1,2.4,2.7e-06,6.1,3.6,80,0.05,0.8,0.985982486989365
8.8e-07,6.1,2.4,2.7e-06,6.1,3.6,80,0.05,0.85,0.988658669952324
8.8e-07,6.1,2.4,2.7e-06,6.1,3.6,80,0.05,0.9,0.990965626228426
8.8e-07,6.1,2.4,2.7e-06,6.1,3.6,80,0.05,0.95,0.99294778244173
8.8e-07,6.1,2.4,2.7e-06,6.1,3.6,80,0.05,1,NA
8.8e-07,6.1,2.4,2.7e-06,6.1,3.6,80,0.1,0,0.701921726109858
8.8e-07,6.1,2.4,2.7e-06,6.1,3.6,80,0.1,0.05,0.756266055645674
8.8e-07,6.1,2.4,2.7e-06,6.1,3.6,80,0.1,0.1,0.799069961134319
8.8e-07,6.1,2.4,2.7e-06,6.1,3.6,80,0.1,0.15,0.83310860109682
8.8e-07,6.1,2.4,2.7e-06,6.1,3.6,80,0.1,0.2,0.860468961264766
8.8e-07,6.1,2.4,2.7e-06,6.1,3.6,80,0.1,0.25,0.882705695269383
8.8e-07,6.1,2.4,2.7e-06,6.1,3.6,80,0.1,0.3,0.900973987983734
8.8e-07,6.1,2.4,2.7e-06,6.1,3.6,80,0.1,0.35,0.916134077221099
8.8e-07,6.1,2.4,2.7e-06,6.1,3.6,80,0.1,0.4,0.928830090436514
8.8e-07,6.1,2.4,2.7e-06,6.1,3.6,80,0.1,0.45,0.939548147632035
8.8e-07,6.1,2.4,2.7e-06,6.1,3.6,80,0.1,0.5,0.948658658553609
8.8e-07,6.1,2.4,2.7e-06,6.1,3.6,80,0.1,0.55,0.956446937086751
8.8e-07,6.1,2.4,2.7e-06,6.1,3.6,80,0.1,0.6,0.963135328199026
8.8e-07,6.1,2.4,2.7e-06,6.1,3.6,80,0.1,0.65,0.96889922450259
8.8e-07,6.1,2.4,2.7e-06,6.1,3.6,80,0.1,0.7,0.973878701975199
8.8e-07,6.1,2.4,2.7e-06,6.1,3.6,80,0.1,0.75,0.978187017441665
8.8e-07,6.1,2.4,2.7e-06,6.1,3.6,80,0.1,0.8,0.981916853933302
8.8e-07,6.1,2.4,2.7e-06,6.1,3.6,80,0.1,0.85,0.985144943270841
8.8e-07,6.1,2.4,2.7e-06,6.1,3.6,80,0.1,0.9,0.98793551738636
8.8e-07,6.1,2.4,2.7e-06,6.1,3.6,80,0.1,0.95,NA
8.8e-07,6.1,2.4,2.7e-06,6.1,3.6,80,0.1,1,NA
8.8e-07,6.1,2.4,2.7e-06,6.1,3.6,80,0.15,0,0.609220320545641
8.8e-07,6.1,2.4,2.7e-06,6.1,3.6,80,0.15,0.05,0.683834617528367
8.8e-07,6.1,2.4,2.7e-06,6.1,3.6,80,0.15,0.1,0.742091275992509
8.8e-07,6.1,2.4,2.7e-06,6.1,3.6,80,0.15,0.15,0.78786807618265
8.8e-07,6.1,2.4,2.7e-06,6.1,3.6,80,0.15,0.2,0.82416573615223
8.8e-07,6.1,2.4,2.7e-06,6.1,3.6,80,0.15,0.25,0.853250916034906
8.8e-07,6.1,2.4,2.7e-06,6.1,3.6,80,0.15,0.3,0.876815265727132
8.8e-07,6.1,2.4,2.7e-06,6.1,3.6,80,0.15,0.35,0.896115969449687
8.8e-07,6.1,2.4,2.7e-06,6.1,3.6,80,0.15,0.4,0.912088275605343
8.8e-07,6.1,2.4,2.7e-06,6.1,3.6,80,0.15,0.45,0.925431188863534
8.8e-07,6.1,2.4,2.7e-06,6.1,3.6,80,0.15,0.5,0.936670956887007
8.8e-07,6.1,2.4,2.7e-06,6.1,3.6,80,0.15,0.55,0.94620741242599
8.8e-07,6.1,2.4,2.7e-06,6.1,3.6,80,0.15,0.6,0.954347552889749
8.8e-07,6.1,2.4,2.7e-06,6.1,3.6,80,0.15,0.65,0.961329811955877
8.8e-07,6.1,2.4,2.7e-06,6.1,3.6,80,0.15,0.7,0.967341616688386
8.8e-07,6.1,2.4,2.7e-06,6.1,3.6,80,0.15,0.75,0.972532126938314
8.8e-07,6.1,2.4,2.7e-06,6.1,3.6,80,0.15,0.8,0.977021523665961
8.8e-07,6.1,2.4,2.7e-06,6.1,3.6,80,0.15,0.85,0.980907822725439
8.8e-07,6.1,2.4,2.7e-06,6.1,3.6,80,0.15,0.9,NA
8.8e-07,6.1,2.4,2.7e-06,6.1,3.6,80,0.15,0.95,NA
8.8e-07,6.1,2.4,2.7e-06,6.1,3.6,80,0.15,1,NA
8.8e-07,6.1,2.4,2.7e-06,6.1,3.6,80,0.2,0,0.481516201268141
8.8e-07,6.1,2.4,2.7e-06,6.1,3.6,80,0.2,0.05,0.584306023491596
8.8e-07,6.1,2.4,2.7e-06,6.1,3.6,80,0.2,0.1,0.664424169567467
8.8e-07,6.1,2.4,2.7e-06,6.1,3.6,80,0.2,0.15,0.726907877316121
8.8e-07,6.1,2.4,2.7e-06,6.1,3.6,80,0.2,0.2,0.775900464814446
8.8e-07,6.1,2.4,2.7e-06,6.1,3.6,80,0.2,0.25,0.814640324972249
8.8e-07,6.1,2.4,2.7e-06,6.1,3.6,80,0.2,0.3,0.845586912495139
8.8e-07,6.1,2.4,2.7e-06,6.1,3.6,80,0.2,0.35,0.870580341731582
8.8e-07,6.1,2.4,2.7e-06,6.1,3.6,80,0.2,0.4,0.890988928210214
8.8e-07,6.1,2.4,2.7e-06,6.1,3.6,80,0.2,0.45,0.907829863508873
8.8e-07,6.1,2.4,2.7e-06,6.1,3.6,80,0.2,0.5,0.921862156362257
8.8e-07,6.1,2.4,2.7e-06,6.1,3.6,80,0.2,0.55,0.933655920563712
8.8e-07,6.1,2.4,2.7e-06,6.1,3.6,80,0.2,0.6,0.943643119223904
8.8e-07,6.1,2.4,2.7e-06,6.1,3.6,80,0.2,0.65,0.952154389660006
8.8e-07,6.1,2.4,2.7e-06,6.1,3.6,80,0.2,0.7,0.959445669336214
8.8e-07,6.1,2.4,2.7e-06,6.1,3.6,80,0.2,0.75,0.965717446615603
8.8e-07,6.1,2.4,2.7e-06,6.1,3.6,80,0.2,0.8,0.971128714031123
8.8e-07,6.1,2.4,2.7e-06,6.1,3.6,80,0.2,0.85,NA
8.8e-07,6.1,2.4,2.7e-06,6.1,3.6,80,0.2,0.9,NA
8.8e-07,6.1,2.4,2.7e-06,6.1,3.6,80,0.2,0.95,NA
8.8e-07,6.1,2.4,2.7e-06,6.1,3.6,80,0.2,1,NA
8.8e-07,6.1,2.4,2.7e-06,6.1,3.6,80,0.25,0,0.307153182015309
8.8e-07,6.1,2.4,2.7e-06,6.1,3.6,80,0.25,0.05,0.447283270725872
8.8e-07,6.1,2.4,2.7e-06,6.1,3.6,80,0.25,0.1,0.55755332073175
8.8e-07,6.1,2.4,2.7e-06,6.1,3.6,80,0.25,0.15,0.643586513071444
8.8e-07,6.1,2.4,2.7e-06,6.1,3.6,80,0.25,0.2,0.710633884085958
8.8e-07,6.1,2.4,2.7e-06,6.1,3.6,80,0.25,0.25,0.763104555677291
8.8e-07,6.1,2.4,2.7e-06,6.1,3.6,80,0.25,0.3,0.80448545186741
8.8e-07,6.1,2.4,2.7e-06,6.1,3.6,80,0.25,0.35,0.837442051418163
8.8e-07,6.1,2.4,2.7e-06,6.1,3.6,80,0.25,0.4,0.863975002670945
8.8e-07,6.1,2.4,2.7e-06,6.1,3.6,80,0.25,0.45,0.88557355713388
8.8e-07,6.1,2.4,2.7e-06,6.1,3.6,80,0.25,0.5,0.903344373897586
8.8e-07,6.1,2.4,2.7e-06,6.1,3.6,80,0.25,0.55,0.918112063385239
8.8e-07,6.1,2.4,2.7e-06,6.1,3.6,80,0.25,0.6,0.930494700149598
8.8e-07,6.1,2.4,2.7e-06,6.1,3.6,80,0.25,0.65,0.940959347016968
8.8e-07,6.1,2.4,2.7e-06,6.1,3.6,80,0.25,0.7,0.949862427481422
8.8e-07,6.1,2.4,2.7e-06,6.1,3.6,80,0.25,0.75,0.957478934374351
8.8e-07,6.1,2.4,2.7e-06,6.1,3.6,80,0.25,0.8,NA
8.8e-07,6.1,2.4,2.7e-06,6.1,3.6,80,0.25,0.85,NA
8.8e-07,6.1,2.4,2.7e-06,6.1,3.6,80,0.25,0.9,NA
8.8e-07,6.1,2.4,2.7e-06,6.1,3.6,80,0.25,0.95,NA
8.8e-07,6.1,2.4,2.7e-06,6.1,3.6,80,0.25,1,NA
8.8e-07,6.1,2.4,2.7e-06,6.1,3.6,80,0.3,0,0.0756105086150276
8.8e-07,6.1,2.4,2.7e-06,6.1,3.6,80,0.3,0.05,0.26100945992434
8.8e-07,6.1,2.4,2.7e-06,6.1,3.6,80,0.3,0.1,0.410619950825496
8.8e-07,6.1,2.4,2.7e-06,6.1,3.6,80,0.3,0.15,0.528833910259869
8.8e-07,6.1,2.4,2.7e-06,6.1,3.6,80,0.3,0.2,0.621211564657805
8.8e-07,6.1,2.4,2.7e-06,6.1,3.6,80,0.3,0.25,0.693181221628138
8.8e-07,6.1,2.4,2.7e-06,6.1,3.6,80,0.3,0.3,0.749412609294803
8.8e-07,6.1,2.4,2.7e-06,6.1,3.6,80,0.3,0.35,0.793650127298699
8.8e-07,6.1,2.4,2.7e-06,6.1,3.6,80,0.3,0.4,0.828778346900103
8.8e-07,6.1,2.4,2.7e-06,6.1,3.6,80,0.3,0.45,0.85697103800044
8.8e-07,6.1,2.4,2.7e-06,6.1,3.6,80,0.3,0.5,0.879848868171649
8.8e-07,6.1,2.4,2.7e-06,6.1,3.6,80,0.3,0.55,0.898616110951573
8.8e-07,6.1,2.4,2.7e-06,6.1,3.6,80,0.3,0.6,0.914169082003967
8.8e-07,6.1,2.4,2.7e-06,6.1,3.6,80,0.3,0.65,0.927178298170915
8.8e-07,6.1,2.4,2.7e-06,6.1,3.6,80,0.3,0.7,0.938149177915487
8.8e-07,6.1,2.4,2.7e-06,6.1,3.6,80,0.3,0.75,NA
8.8e-07,6.1,2.4,2.7e-06,6.1,3.6,80,0.3,0.8,NA
8.8e-07,6.1,2.4,2.7e-06,6.1,3.6,80,0.3,0.85,NA
8.8e-07,6.1,2.4,2.7e-06,6.1,3.6,80,0.3,0.9,NA
8.8e-07,6.1,2.4,2.7e-06,6.1,3.6,80,0.3,0.95,NA
8.8e-07,6.1,2.4,2.7e-06,6.1,3.6,80,0.3,1,NA
8.8e-07,6.1,2.4,2.7e-06,6.1,3.6,80,0.35,0,-0.0541924354072857
8.8e-07,6.1,2.4,2.7e-06,6.1,3.6,80,0.35,0.05,0.0215435793493066
8.8e-07,6.1,2.4,2.7e-06,6.1,3.6,80,0.35,0.1,0.211938391252267
8.8e-07,6.1,2.4,2.7e-06,6.1,3.6,80,0.35,0.15,0.371398574246223
8.8e-07,6.1,2.4,2.7e-06,6.1,3.6,80,0.35,0.2,0.498016373887328
8.8e-07,6.1,2.4,2.7e-06,6.1,3.6,80,0.35,0.25,0.597183297758601
8.8e-07,6.1,2.4,2.7e-06,6.1,3.6,80,0.35,0.3,0.674455559270801
8.8e-07,6.1,2.4,2.7e-06,6.1,3.6,80,0.35,0.35,0.734751416740514
8.8e-07,6.1,2.4,2.7e-06,6.1,3.6,80,0.35,0.4,0.782078980083784
8.8e-07,6.1,2.4,2.7e-06,6.1,3.6,80,0.35,0.45,0.819554464556205
8.8e-07,6.1,2.4,2.7e-06,6.1,3.6,80,0.35,0.5,0.849537740255937
8.8e-07,6.1,2.4,2.7e-06,6.1,3.6,80,0.35,0.55,0.873792036267531
8.8e-07,6.1,2.4,2.7e-06,6.1,3.6,80,0.35,0.6,0.893628035118913
8.8e-07,6.1,2.4,2.7e-06,6.1,3.6,80,0.35,0.65,0.910020402249005
8.8e-07,6.1,2.4,2.7e-06,6.1,3.6,80,0.35,0.7,NA
8.8e-07,6.1,2.4,2.7e-06,6.1,3.6,80,0.35,0.75,NA
8.8e-07,6.1,2.4,2.7e-06,6.1,3.6,80,0.35,0.8,NA
8.8e-07,6.1,2.4,2.7e-06,6.1,3.6,80,0.35,0.85,NA
8.8e-07,6.1,2.4,2.7e-06,6.1,3.6,80,0.35,0.9,NA
8.8e-07,6.1,2.4,2.7e-06,6.1,3.6,80,0.35,0.95,NA
8.8e-07,6.1,2.4,2.7e-06,6.1,3.6,80,0.35,1,NA
8.8e-07,6.1,2.4,2.7e-06,6.1,3.6,80,0.4,0,-0.140181029875792
8.8e-07,6.1,2.4,2.7e-06,6.1,3.6,80,0.4,0.05,-0.0723089685477989
8.8e-07,6.1,2.4,2.7e-06,6.1,3.6,80,0.4,0.1,-0.00854283125315479
8.8e-07,6.1,2.4,2.7e-06,6.1,3.6,80,0.4,0.15,0.159872758507275
8.8e-07,6.1,2.4,2.7e-06,6.1,3.6,80,0.4,0.2,0.329498462198634
8.8e-07,6.1,2.4,2.7e-06,6.1,3.6,80,0.4,0.25,0.464967698354135
8.8e-07,6.1,2.4,2.7e-06,6.1,3.6,80,0.4,0.3,0.571380217515273
8.8e-07,6.1,2.4,2.7e-06,6.1,3.6,80,0.4,0.35,0.65435623665212
8.8e-07,6.1,2.4,2.7e-06,6.1,3.6,80,0.4,0.4,0.719042019402292
8.8e-07,6.1,2.4,2.7e-06,6.1,3.6,80,0.4,0.45,0.769711945643171
8.8e-07,6.1,2.4,2.7e-06,6.1,3.6,80,0.4,0.5,0.809725440839434
8.8e-07,6.1,2.4,2.7e-06,6.1,3.6,80,0.4,0.55,0.841641682069979
8.8e-07,6.1,2.4,2.7e-06,6.1,3.6,80,0.4,0.6,0.867378229680249
8.8e-07,6.1,2.4,2.7e-06,6.1,3.6,80,0.4,0.65,NA
8.8e-07,6.1,2.4,2.7e-06,6.1,3.6,80,0.4,0.7,NA
8.8e-07,6.1,2.4,2.7e-06,6.1,3.6,80,0.4,0.75,NA
8.8e-07,6.1,2.4,2.7e-06,6.1,3.6,80,0.4,0.8,NA
8.8e-07,6.1,2.4,2.7e-06,6.1,3.6,80,0.4,0.85,NA
8.8e-07,6.1,2.4,2.7e-06,6.1,3.6,80,0.4,0.9,NA
8.8e-07,6.1,2.4,2.7e-06,6.1,3.6,80,0.4,0.95,NA
8.8e-07,6.1,2.4,2.7e-06,6.1,3.6,80,0.4,1,NA
8.8e-07,6.1,2.4,2.7e-06,6.1,3.6,80,0.45,0,-0.23337896511888
8.8e-07,6.1,2.4,2.7e-06,6.1,3.6,80,0.45,0.05,-0.160480233287998
8.8e-07,6.1,2.4,2.7e-06,6.1,3.6,80,0.45,0.1,-0.0910236396154259
8.8e-07,6.1,2.4,2.7e-06,6.1,3.6,80,0.45,0.15,-0.0281141772852131
8.8e-07,6.1,2.4,2.7e-06,6.1,3.6,80,0.45,0.2,0.104769724987066
8.8e-07,6.1,2.4,2.7e-06,6.1,3.6,80,0.45,0.25,0.284809322703238
8.8e-07,6.1,2.4,2.7e-06,6.1,3.6,80,0.45,0.3,0.429555186507571
8.8e-07,6.1,2.4,2.7e-06,6.1,3.6,80,0.45,0.35,0.543676071881511
8.8e-07,6.1,2.4,2.7e-06,6.1,3.6,80,0.45,0.4,0.632776303894041
8.8e-07,6.1,2.4,2.7e-06,6.1,3.6,80,0.45,0.45,0.702199464845603
8.8e-07,6.1,2.4,2.7e-06,6.1,3.6,80,0.45,0.5,0.756483947522754
8.8e-07,6.1,2.4,2.7e-06,6.1,3.6,80,0.45,0.55,0.799242394803397
8.8e-07,6.1,2.4,2.7e-06,6.1,3.6,80,0.45,0.6,NA
8.8e-07,6.1,2.4,2.7e-06,6.1,3.6,80,0.45,0.65,NA
8.8e-07,6.1,2.4,2.7e-06,6.1,3.6,80,0.45,0.7,NA
8.8e-07,6.1,2.4,2.7e-06,6.1,3.6,80,0.45,0.75,NA
8.8e-07,6.1,2.4,2.7e-06,6.1,3.6,80,0.45,0.8,NA
8.8e-07,6.1,2.4,2.7e-06,6.1,3.6,80,0.45,0.85,NA
8.8e-07,6.1,2.4,2.7e-06,6.1,3.6,80,0.45,0.9,NA
8.8e-07,6.1,2.4,2.7e-06,6.1,3.6,80,0.45,0.95,NA
8.8e-07,6.1,2.4,2.7e-06,6.1,3.6,80,0.45,1,NA
8.8e-07,6.1,2.4,2.7e-06,6.1,3.6,80,0.5,0,-0.326643787872365
8.8e-07,6.1,2.4,2.7e-06,6.1,3.6,80,0.5,0.05,-0.254306773953854
8.8e-07,6.1,2.4,2.7e-06,6.1,3.6,80,0.5,0.1,-0.181061176386952
8.8e-07,6.1,2.4,2.7e-06,6.1,3.6,80,0.5,0.15,-0.110277258369433
8.8e-07,6.1,2.4,2.7e-06,6.1,3.6,80,0.5,0.2,-0.0452356703354166
8.8e-07,6.1,2.4,2.7e-06,6.1,3.6,80,0.5,0.25,0.0466148163314577
8.8e-07,6.1,2.4,2.7e-06,6.1,3.6,80,0.5,0.3,0.237234994068391
8.8e-07,6.1,2.4,2.7e-06,6.1,3.6,80,0.5,0.35,0.391648792091592
8.8e-07,6.1,2.4,2.7e-06,6.1,3.6,80,0.5,0.4,0.513940859261815
8.8e-07,6.1,2.4,2.7e-06,6.1,3.6,80,0.5,0.45,0.609602707838172
8.8e-07,6.1,2.4,2.7e-06,6.1,3.6,80,0.5,0.5,0.684132614929552
8.8e-07,6.1,2.4,2.7e-06,6.1,3.6,80,0.5,0.55,NA
8.8e-07,6.1,2.4,2.7e-06,6.1,3.6,80,0.5,0.6,NA
8.8e-07,6.1,2.4,2.7e-06,6.1,3.6,80,0.5,0.65,NA
8.8e-07,6.1,2.4,2.7e-06,6.1,3.6,80,0.5,0.7,NA
8.8e-07,6.1,2.4,2.7e-06,6.1,3.6,80,0.5,0.75,NA
8.8e-07,6.1,2.4,2.7e-06,6.1,3.6,80,0.5,0.8,NA
8.8e-07,6.1,2.4,2.7e-06,6.1,3.6,80,0.5,0.85,NA
8.8e-07,6.1,2.4,2.7e-06,6.1,3.6,80,0.5,0.9,NA
8.8e-07,6.1,2.4,2.7e-06,6.1,3.6,80,0.5,0.95,NA
8.8e-07,6.1,2.4,2.7e-06,6.1,3.6,80,0.5,1,NA
8.8e-07,6.1,2.4,2.7e-06,6.1,3.6,80,0.55,0,-0.413939414262107
8.8e-07,6.1,2.4,2.7e-06,6.1,3.6,80,0.55,0.05,-0.346690419598042
8.8e-07,6.1,2.4,2.7e-06,6.1,3.6,80,0.55,0.1,-0.275156607705354
8.8e-07,6.1,2.4,2.7e-06,6.1,3.6,80,0.55,0.15,-0.201842630293148
8.8e-07,6.1,2.4,2.7e-06,6.1,3.6,80,0.55,0.2,-0.130003227456519
8.8e-07,6.1,2.4,2.7e-06,6.1,3.6,80,0.55,0.25,-0.0630283738929447
8.8e-07,6.1,2.4,2.7e-06,6.1,3.6,80,0.55,0.3,0.00663570541399242
8.8e-07,6.1,2.4,2.7e-06,6.1,3.6,80,0.55,0.35,0.186697457125767
8.8e-07,6.1,2.4,2.7e-06,6.1,3.6,80,0.55,0.4,0.351123886702185
8.8e-07,6.1,2.4,2.7e-06,6.1,3.6,80,0.55,0.45,0.482042162600203
8.8e-07,6.1,2.4,2.7e-06,6.1,3.6,80,0.55,0.5,NA
8.8e-07,6.1,2.4,2.7e-06,6.1,3.6,80,0.55,0.55,NA
8.8e-07,6.1,2.4,2.7e-06,6.1,3.6,80,0.55,0.6,NA
8.8e-07,6.1,2.4,2.7e-06,6.1,3.6,80,0.55,0.65,NA
8.8e-07,6.1,2.4,2.7e-06,6.1,3.6,80,0.55,0.7,NA
8.8e-07,6.1,2.4,2.7e-06,6.1,3.6,80,0.55,0.75,NA
8.8e-07,6.1,2.4,2.7e-06,6.1,3.6,80,0.55,0.8,NA
8.8e-07,6.1,2.4,2.7e-06,6.1,3.6,80,0.55,0.85,NA
8.8e-07,6.1,2.4,2.7e-06,6.1,3.6,80,0.55,0.9,NA
8.8e-07,6.1,2.4,2.7e-06,6.1,3.6,80,0.55,0.95,NA
8.8e-07,6.1,2.4,2.7e-06,6.1,3.6,80,0.55,1,NA
8.8e-07,6.1,2.4,2.7e-06,6.1,3.6,80,0.6,0,-0.491725741873924
8.8e-07,6.1,2.4,2.7e-06,6.1,3.6,80,0.6,0.05,-0.43208854057103
8.8e-07,6.1,2.4,2.7e-06,6.1,3.6,80,0.6,0.1,-0.36638247171352
8.8e-07,6.1,2.4,2.7e-06,6.1,3.6,80,0.6,0.15,-0.295856767811678
8.8e-07,6.1,2.4,2.7e-06,6.1,3.6,80,0.6,0.2,-0.222742886620507
8.8e-07,6.1,2.4,2.7e-06,6.1,3.6,80,0.6,0.25,-0.150128829972994
8.8e-07,6.1,2.4,2.7e-06,6.1,3.6,80,0.6,0.3,-0.0814461030989553
8.8e-07,6.1,2.4,2.7e-06,6.1,3.6,80,0.6,0.35,-0.0196863976008264
8.8e-07,6.1,2.4,2.7e-06,6.1,3.6,80,0.6,0.4,0.133140978321776
8.8e-07,6.1,2.4,2.7e-06,6.1,3.6,80,0.6,0.45,NA
8.8e-07,6.1,2.4,2.7e-06,6.1,3.6,80,0.6,0.5,NA
8.8e-07,6.1,2.4,2.7e-06,6.1,3.6,80,0.6,0.55,NA
8.8e-07,6.1,2.4,2.7e-06,6.1,3.6,80,0.6,0.6,NA
8.8e-07,6.1,2.4,2.7e-06,6.1,3.6,80,0.6,0.65,NA
8.8e-07,6.1,2.4,2.7e-06,6.1,3.6,80,0.6,0.7,NA
8.8e-07,6.1,2.4,2.7e-06,6.1,3.6,80,0.6,0.75,NA
8.8e-07,6.1,2.4,2.7e-06,6.1,3.6,80,0.6,0.8,NA
8.8e-07,6.1,2.4,2.7e-06,6.1,3.6,80,0.6,0.85,NA
8.8e-07,6.1,2.4,2.7e-06,6.1,3.6,80,0.6,0.9,NA
8.8e-07,6.1,2.4,2.7e-06,6.1,3.6,80,0.6,0.95,NA
8.8e-07,6.1,2.4,2.7e-06,6.1,3.6,80,0.6,1,NA
8.8e-07,6.1,2.4,2.7e-06,6.1,3.6,80,0.65,0,-0.558850231178501
8.8e-07,6.1,2.4,2.7e-06,6.1,3.6,80,0.65,0.05,-0.507539726321672
8.8e-07,6.1,2.4,2.7e-06,6.1,3.6,80,0.65,0.1,-0.449739247949436
8.8e-07,6.1,2.4,2.7e-06,6.1,3.6,80,0.65,0.15,-0.38567654077945
8.8e-07,6.1,2.4,2.7e-06,6.1,3.6,80,0.65,0.2,-0.316340945311062
8.8e-07,6.1,2.4,2.7e-06,6.1,3.6,80,0.65,0.25,-0.243681357930212
8.8e-07,6.1,2.4,2.7e-06,6.1,3.6,80,0.65,0.3,-0.170576717512772
8.8e-07,6.1,2.4,2.7e-06,6.1,3.6,80,0.65,0.35,-0.100433842934649
8.8e-07,6.1,2.4,2.7e-06,6.1,3.6,80,0.65,0.4,NA
8.8e-07,6.1,2.4,2.7e-06,6.1,3.6,80,0.65,0.45,NA
8.8e-07,6.1,2.4,2.7e-06,6.1,3.6,80,0.65,0.5,NA
8.8e-07,6.1,2.4,2.7e-06,6.1,3.6,80,0.65,0.55,NA
8.8e-07,6.1,2.4,2.7e-06,6.1,3.6,80,0.65,0.6,NA
8.8e-07,6.1,2.4,2.7e-06,6.1,3.6,80,0.65,0.65,NA
8.8e-07,6.1,2.4,2.7e-06,6.1,3.6,80,0.65,0.7,NA
8.8e-07,6.1,2.4,2.7e-06,6.1,3.6,80,0.65,0.75,NA
8.8e-07,6.1,2.4,2.7e-06,6.1,3.6,80,0.65,0.8,NA
8.8e-07,6.1,2.4,2.7e-06,6.1,3.6,80,0.65,0.85,NA
8.8e-07,6.1,2.4,2.7e-06,6.1,3.6,80,0.65,0.9,NA
8.8e-07,6.1,2.4,2.7e-06,6.1,3.6,80,0.65,0.95,NA
8.8e-07,6.1,2.4,2.7e-06,6.1,3.6,80,0.65,1,NA
8.8e-07,6.1,2.4,2.7e-06,6.1,3.6,80,0.7,0,-0.615729041537205
8.8e-07,6.1,2.4,2.7e-06,6.1,3.6,80,0.7,0.05,-0.572317858779556
8.8e-07,6.1,2.4,2.7e-06,6.1,3.6,80,0.7,0.1,-0.522823249645054
8.8e-07,6.1,2.4,2.7e-06,6.1,3.6,80,0.7,0.15,-0.46687629448639
8.8e-07,6.1,2.4,2.7e-06,6.1,3.6,80,0.7,0.2,-0.404535957290543
8.8e-07,6.1,2.4,2.7e-06,6.1,3.6,80,0.7,0.25,-0.336548865205964
8.8e-07,6.1,2.4,2.7e-06,6.1,3.6,80,0.7,0.3,-0.26458007140032
8.8e-07,6.1,2.4,2.7e-06,6.1,3.6,80,0.7,0.35,NA
8.8e-07,6.1,2.4,2.7e-06,6.1,3.6,80,0.7,0.4,NA
8.8e-07,6.1,2.4,2.7e-06,6.1,3.6,80,0.7,0.45,NA
8.8e-07,6.1,2.4,2.7e-06,6.1,3.6,80,0.7,0.5,NA
8.8e-07,6.1,2.4,2.7e-06,6.1,3.6,80,0.7,0.55,NA
8.8e-07,6.1,2.4,2.7e-06,6.1,3.6,80,0.7,0.6,NA
8.8e-07,6.1,2.4,2.7e-06,6.1,3.6,80,0.7,0.65,NA
8.8e-07,6.1,2.4,2.7e-06,6.1,3.6,80,0.7,0.7,NA
8.8e-07,6.1,2.4,2.7e-06,6.1,3.6,80,0.7,0.75,NA
8.8e-07,6.1,2.4,2.7e-06,6.1,3.6,80,0.7,0.8,NA
8.8e-07,6.1,2.4,2.7e-06,6.1,3.6,80,0.7,0.85,NA
8.8e-07,6.1,2.4,2.7e-06,6.1,3.6,80,0.7,0.9,NA
8.8e-07,6.1,2.4,2.7e-06,6.1,3.6,80,0.7,0.95,NA
8.8e-07,6.1,2.4,2.7e-06,6.1,3.6,80,0.7,1,NA
8.8e-07,6.1,2.4,2.7e-06,6.1,3.6,80,0.75,0,-0.663534960115993
8.8e-07,6.1,2.4,2.7e-06,6.1,3.6,80,0.75,0.05,-0.627068771094443
8.8e-07,6.1,2.4,2.7e-06,6.1,3.6,80,0.75,0.1,-0.585289838874147
8.8e-07,6.1,2.4,2.7e-06,6.1,3.6,80,0.75,0.15,-0.537579822748242
8.8e-07,6.1,2.4,2.7e-06,6.1,3.6,80,0.75,0.2,-0.483489503514679
8.8e-07,6.1,2.4,2.7e-06,6.1,3.6,80,0.75,0.25,-0.422930647176078
8.8e-07,6.1,2.4,2.7e-06,6.1,3.6,80,0.75,0.3,NA
8.8e-07,6.1,2.4,2.7e-06,6.1,3.6,80,0.75,0.35,NA
8.8e-07,6.1,2.4,2.7e-06,6.1,3.6,80,0.75,0.4,NA
8.8e-07,6.1,2.4,2.7e-06,6.1,3.6,80,0.75,0.45,NA
8.8e-07,6.1,2.4,2.7e-06,6.1,3.6,80,0.75,0.5,NA
8.8e-07,6.1,2.4,2.7e-06,6.1,3.6,80,0.75,0.55,NA
8.8e-07,6.1,2.4,2.7e-06,6.1,3.6,80,0.75,0.6,NA
8.8e-07,6.1,2.4,2.7e-06,6.1,3.6,80,0.75,0.65,NA
8.8e-07,6.1,2.4,2.7e-06,6.1,3.6,80,0.75,0.7,NA
8.8e-07,6.1,2.4,2.7e-06,6.1,3.6,80,0.75,0.75,NA
8.8e-07,6.1,2.4,2.7e-06,6.1,3.6,80,0.75,0.8,NA
8.8e-07,6.1,2.4,2.7e-06,6.1,3.6,80,0.75,0.85,NA
8.8e-07,6.1,2.4,2.7e-06,6.1,3.6,80,0.75,0.9,NA
8.8e-07,6.1,2.4,2.7e-06,6.1,3.6,80,0.75,0.95,NA
8.8e-07,6.1,2.4,2.7e-06,6.1,3.6,80,0.75,1,NA
8.8e-07,6.1,2.4,2.7e-06,6.1,3.6,80,0.8,0,-0.703659543941111
8.8e-07,6.1,2.4,2.7e-06,6.1,3.6,80,0.8,0.05,-0.673049856527056
8.8e-07,6.1,2.4,2.7e-06,6.1,3.6,80,0.8,0.1,-0.637976536656607
8.8e-07,6.1,2.4,2.7e-06,6.1,3.6,80,0.8,0.15,-0.597778846688657
8.8e-07,6.1,2.4,2.7e-06,6.1,3.6,80,0.8,0.2,-0.551815721456625
8.8e-07,6.1,2.4,2.7e-06,6.1,3.6,80,0.8,0.25,NA
8.8e-07,6.1,2.4,2.7e-06,6.1,3.6,80,0.8,0.3,NA
8.8e-07,6.1,2.4,2.7e-06,6.1,3.6,80,0.8,0.35,NA
8.8e-07,6.1,2.4,2.7e-06,6.1,3.6,80,0.8,0.4,NA
8.8e-07,6.1,2.4,2.7e-06,6.1,3.6,80,0.8,0.45,NA
8.8e-07,6.1,2.4,2.7e-06,6.1,3.6,80,0.8,0.5,NA
8.8e-07,6.1,2.4,2.7e-06,6.1,3.6,80,0.8,0.55,NA
8.8e-07,6.1,2.4,2.7e-06,6.1,3.6,80,0.8,0.6,NA
8.8e-07,6.1,2.4,2.7e-06,6.1,3.6,80,0.8,0.65,NA
8.8e-07,6.1,2.4,2.7e-06,6.1,3.6,80,0.8,0.7,NA
8.8e-07,6.1,2.4,2.7e-06,6.1,3.6,80,0.8,0.75,NA
8.8e-07,6.1,2.4,2.7e-06,6.1,3.6,80,0.8,0.8,NA
8.8e-07,6.1,2.4,2.7e-06,6.1,3.6,80,0.8,0.85,NA
8.8e-07,6.1,2.4,2.7e-06,6.1,3.6,80,0.8,0.9,NA
8.8e-07,6.1,2.4,2.7e-06,6.1,3.6,80,0.8,0.95,NA
8.8e-07,6.1,2.4,2.7e-06,6.1,3.6,80,0.8,1,NA
8.8e-07,6.1,2.4,2.7e-06,6.1,3.6,80,0.85,0,-0.737433797384283
8.8e-07,6.1,2.4,2.7e-06,6.1,3.6,80,0.85,0.05,-0.71165602177495
8.8e-07,6.1,2.4,2.7e-06,6.1,3.6,80,0.85,0.1,-0.682202292533748
8.8e-07,6.1,2.4,2.7e-06,6.1,3.6,80,0.85,0.15,-0.648467803485099
8.8e-07,6.1,2.4,2.7e-06,6.1,3.6,80,0.85,0.2,NA
8.8e-07,6.1,2.4,2.7e-06,6.1,3.6,80,0.85,0.25,NA
8.8e-07,6.1,2.4,2.7e-06,6.1,3.6,80,0.85,0.3,NA
8.8e-07,6.1,2.4,2.7e-06,6.1,3.6,80,0.85,0.35,NA
8.8e-07,6.1,2.4,2.7e-06,6.1,3.6,80,0.85,0.4,NA
8.8e-07,6.1,2.4,2.7e-06,6.1,3.6,80,0.85,0.45,NA
8.8e-07,6.1,2.4,2.7e-06,6.1,3.6,80,0.85,0.5,NA
8.8e-07,6.1,2.4,2.7e-06,6.1,3.6,80,0.85,0.55,NA
8.8e-07,6.1,2.4,2.7e-06,6.1,3.6,80,0.85,0.6,NA
8.8e-07,6.1,2.4,2.7e-06,6.1,3.6,80,0.85,0.65,NA
8.8e-07,6.1,2.4,2.7e-06,6.1,3.6,80,0.85,0.7,NA
8.8e-07,6.1,2.4,2.7e-06,6.1,3.6,80,0.85,0.75,NA
8.8e-07,6.1,2.4,2.7e-06,6.1,3.6,80,0.85,0.8,NA
8.8e-07,6.1,2.4,2.7e-06,6.1,3.6,80,0.85,0.85,NA
8.8e-07,6.1,2.4,2.7e-06,6.1,3.6,80,0.85,0.9,NA
8.8e-07,6.1,2.4,2.7e-06,6.1,3.6,80,0.85,0.95,NA
8.8e-07,6.1,2.4,2.7e-06,6.1,3.6,80,0.85,1,NA
8.8e-07,6.1,2.4,2.7e-06,6.1,3.6,80,0.9,0,-0.766015647716942
8.8e-07,6.1,2.4,2.7e-06,6.1,3.6,80,0.9,0.05,-0.744185438571269
8.8e-07,6.1,2.4,2.7e-06,6.1,3.6,80,0.9,0.1,-0.719354221931025
8.8e-07,6.1,2.4,2.7e-06,6.1,3.6,80,0.9,0.15,NA
8.8e-07,6.1,2.4,2.7e-06,6.1,3.6,80,0.9,0.2,NA
8.8e-07,6.1,2.4,2.7e-06,6.1,3.6,80,0.9,0.25,NA
8.8e-07,6.1,2.4,2.7e-06,6.1,3.6,80,0.9,0.3,NA
8.8e-07,6.1,2.4,2.7e-06,6.1,3.6,80,0.9,0.35,NA
8.8e-07,6.1,2.4,2.7e-06,6.1,3.6,80,0.9,0.4,NA
8.8e-07,6.1,2.4,2.7e-06,6.1,3.6,80,0.9,0.45,NA
8.8e-07,6.1,2.4,2.7e-06,6.1,3.6,80,0.9,0.5,NA
8.8e-07,6.1,2.4,2.7e-06,6.1,3.6,80,0.9,0.55,NA
8.8e-07,6.1,2.4,2.7e-06,6.1,3.6,80,0.9,0.6,NA
8.8e-07,6.1,2.4,2.7e-06,6.1,3.6,80,0.9,0.65,NA
8.8e-07,6.1,2.4,2.7e-06,6.1,3.6,80,0.9,0.7,NA
8.8e-07,6.1,2.4,2.7e-06,6.1,3.6,80,0.9,0.75,NA
8.8e-07,6.1,2.4,2.7e-06,6.1,3.6,80,0.9,0.8,NA
8.8e-07,6.1,2.4,2.7e-06,6.1,3.6,80,0.9,0.85,NA
8.8e-07,6.1,2.4,2.7e-06,6.1,3.6,80,0.9,0.9,NA
8.8e-07,6.1,2.4,2.7e-06,6.1,3.6,80,0.9,0.95,NA
8.8e-07,6.1,2.4,2.7e-06,6.1,3.6,80,0.9,1,NA
8.8e-07,6.1,2.4,2.7e-06,6.1,3.6,80,0.95,0,-0.790365965786774
8.8e-07,6.1,2.4,2.7e-06,6.1,3.6,80,0.95,0.05,-0.771752458226595
8.8e-07,6.1,2.4,2.7e-06,6.1,3.6,80,0.95,0.1,NA
8.8e-07,6.1,2.4,2.7e-06,6.1,3.6,80,0.95,0.15,NA
8.8e-07,6.1,2.4,2.7e-06,6.1,3.6,80,0.95,0.2,NA
8.8e-07,6.1,2.4,2.7e-06,6.1,3.6,80,0.95,0.25,NA
8.8e-07,6.1,2.4,2.7e-06,6.1,3.6,80,0.95,0.3,NA
8.8e-07,6.1,2.4,2.7e-06,6.1,3.6,80,0.95,0.35,NA
8.8e-07,6.1,2.4,2.7e-06,6.1,3.6,80,0.95,0.4,NA
8.8e-07,6.1,2.4,2.7e-06,6.1,3.6,80,0.95,0.45,NA
8.8e-07,6.1,2.4,2.7e-06,6.1,3.6,80,0.95,0.5,NA
8.8e-07,6.1,2.4,2.7e-06,6.1,3.6,80,0.95,0.55,NA
8.8e-07,6.1,2.4,2.7e-06,6.1,3.6,80,0.95,0.6,NA
8.8e-07,6.1,2.4,2.7e-06,6.1,3.6,80,0.95,0.65,NA
8.8e-07,6.1,2.4,2.7e-06,6.1,3.6,80,0.95,0.7,NA
8.8e-07,6.1,2.4,2.7e-06,6.1,3.6,80,0.95,0.75,NA
8.8e-07,6.1,2.4,2.7e-06,6.1,3.6,80,0.95,0.8,NA
8.8e-07,6.1,2.4,2.7e-06,6.1,3.6,80,0.95,0.85,NA
8.8e-07,6.1,2.4,2.7e-06,6.1,3.6,80,0.95,0.9,NA
8.8e-07,6.1,2.4,2.7e-06,6.1,3.6,80,0.95,0.95,NA
8.8e-07,6.1,2.4,2.7e-06,6.1,3.6,80,0.95,1,NA
8.8e-07,6.1,2.4,2.7e-06,6.1,3.6,80,1,0,-0.811263247175274
8.8e-07,6.1,2.4,2.7e-06,6.1,3.6,80,1,0.05,NA
8.8e-07,6.1,2.4,2.7e-06,6.1,3.6,80,1,0.1,NA
8.8e-07,6.1,2.4,2.7e-06,6.1,3.6,80,1,0.15,NA
8.8e-07,6.1,2.4,2.7e-06,6.1,3.6,80,1,0.2,NA
8.8e-07,6.1,2.4,2.7e-06,6.1,3.6,80,1,0.25,NA
8.8e-07,6.1,2.4,2.7e-06,6.1,3.6,80,1,0.3,NA
8.8e-07,6.1,2.4,2.7e-06,6.1,3.6,80,1,0.35,NA
8.8e-07,6.1,2.4,2.7e-06,6.1,3.6,80,1,0.4,NA
8.8e-07,6.1,2.4,2.7e-06,6.1,3.6,80,1,0.45,NA
8.8e-07,6.1,2.4,2.7e-06,6.1,3.6,80,1,0.5,NA
8.8e-07,6.1,2.4,2.7e-06,6.1,3.6,80,1,0.55,NA
8.8e-07,6.1,2.4,2.7e-06,6.1,3.6,80,1,0.6,NA
8.8e-07,6.1,2.4,2.7e-06,6.1,3.6,80,1,0.65,NA
8.8e-07,6.1,2.4,2.7e-06,6.1,3.6,80,1,0.7,NA
8.8e-07,6.1,2.4,2.7e-06,6.1,3.6,80,1,0.75,NA
8.8e-07,6.1,2.4,2.7e-06,6.1,3.6,80,1,0.8,NA
8.8e-07,6.1,2.4,2.7e-06,6.1,3.6,80,1,0.85,NA
8.8e-07,6.1,2.4,2.7e-06,6.1,3.6,80,1,0.9,NA
8.8e-07,6.1,2.4,2.7e-06,6.1,3.6,80,1,0.95,NA
8.8e-07,6.1,2.4,2.7e-06,6.1,3.6,80,1,1,NA
