betaK,deltaK,cK,betaE,deltaE,cE,percK,fX1,fX3,riskscore
1e-05,6.1,3,8.8e-07,6.1,2.4,80,0,0,0.815877695190673
1e-05,6.1,3,8.8e-07,6.1,2.4,80,0,0.05,0.868058907633503
1e-05,6.1,3,8.8e-07,6.1,2.4,80,0,0.1,0.90159162076536
1e-05,6.1,3,8.8e-07,6.1,2.4,80,0,0.15,0.924385590763403
1e-05,6.1,3,8.8e-07,6.1,2.4,80,0,0.2,0.940567124175509
1e-05,6.1,3,8.8e-07,6.1,2.4,80,0,0.25,0.95244822664995
1e-05,6.1,3,8.8e-07,6.1,2.4,80,0,0.3,0.961405272800658
1e-05,6.1,3,8.8e-07,6.1,2.4,80,0,0.35,0.968301209126347
1e-05,6.1,3,8.8e-07,6.1,2.4,80,0,0.4,0.973701508876438
1e-05,6.1,3,8.8e-07,6.1,2.4,80,0,0.45,0.977990782050158
1e-05,6.1,3,8.8e-07,6.1,2.4,80,0,0.5,0.981438787053885
1e-05,6.1,3,8.8e-07,6.1,2.4,80,0,0.55,0.984239483992476
1e-05,6.1,3,8.8e-07,6.1,2.4,80,0,0.6,0.986535173935461
1e-05,6.1,3,8.8e-07,6.1,2.4,80,0,0.65,0.988432052345578
1e-05,6.1,3,8.8e-07,6.1,2.4,80,0,0.7,0.990010578223925
1e-05,6.1,3,8.8e-07,6.1,2.4,80,0,0.75,0.991332528441585
1e-05,6.1,3,8.8e-07,6.1,2.4,80,0,0.8,0.992445929218244
1e-05,6.1,3,8.8e-07,6.1,2.4,80,0,0.85,0.993388530270023
1e-05,6.1,3,8.8e-07,6.1,2.4,80,0,0.9,0.994190296492284
1e-05,6.1,3,8.8e-07,6.1,2.4,80,0,0.95,0.994875233907783
1e-05,6.1,3,8.8e-07,6.1,2.4,80,0,1,0.995462722466467
1e-05,6.1,3,8.8e-07,6.1,2.4,80,0.05,0,0.788868361470954
1e-05,6.1,3,8.8e-07,6.1,2.4,80,0.05,0.05,0.851642321596335
1e-05,6.1,3,8.8e-07,6.1,2.4,80,0.05,0.1,0.890919488271355
1e-05,6.1,3,8.8e-07,6.1,2.4,80,0.05,0.15,0.917078442470179
1e-05,6.1,3,8.8e-07,6.1,2.4,80,0.05,0.2,0.935358966323067
1e-05,6.1,3,8.8e-07,6.1,2.4,80,0.05,0.25,0.948618257816002
1e-05,6.1,3,8.8e-07,6.1,2.4,80,0.05,0.3,0.958518807102988
1e-05,6.1,3,8.8e-07,6.1,2.4,80,0.05,0.35,0.966082859260036
1e-05,6.1,3,8.8e-07,6.1,2.4,80,0.05,0.4,0.971969295221771
1e-05,6.1,3,8.8e-07,6.1,2.4,80,0.05,0.45,0.9766201101298
1e-05,6.1,3,8.8e-07,6.1,2.4,80,0.05,0.5,0.980341845333039
1e-05,6.1,3,8.8e-07,6.1,2.4,80,0.05,0.55,0.983352934047528
1e-05,6.1,3,8.8e-07,6.1,2.4,80,0.05,0.6,0.985812459894222
1e-05,6.1,3,8.8e-07,6.1,2.4,80,0.05,0.65,0.987838408919183
1e-05,6.1,3,8.8e-07,6.1,2.4,80,0.05,0.7,0.989519667069308
1e-05,6.1,3,8.8e-07,6.1,2.4,80,0.05,0.75,0.990924144121169
1e-05,6.1,3,8.8e-07,6.1,2.4,80,0.05,0.8,0.992104383586171
1e-05,6.1,3,8.8e-07,6.1,2.4,80,0.05,0.85,0.993101513634338
1e-05,6.1,3,8.8e-07,6.1,2.4,80,0.05,0.9,0.993948058718718
1e-05,6.1,3,8.8e-07,6.1,2.4,80,0.05,0.95,0.994669982280056
1e-05,6.1,3,8.8e-07,6.1,2.4,80,0.05,1,NA
1e-05,6.1,3,8.8e-07,6.1,2.4,80,0.1,0,0.755525524307783
1e-05,6.1,3,8.8e-07,6.1,2.4,80,0.1,0.05,0.832015998670244
1e-05,6.1,3,8.8e-07,6.1,2.4,80,0.1,0.1,0.878470451032721
1e-05,6.1,3,8.8e-07,6.1,2.4,80,0.1,0.15,0.908713783256216
1e-05,6.1,3,8.8e-07,6.1,2.4,80,0.1,0.2,0.929483294108215
1e-05,6.1,3,8.8e-07,6.1,2.4,80,0.1,0.25,0.944346200536015
1e-05,6.1,3,8.8e-07,6.1,2.4,80,0.1,0.3,0.955327852708019
1e-05,6.1,3,8.8e-07,6.1,2.4,80,0.1,0.35,0.96364803280454
1e-05,6.1,3,8.8e-07,6.1,2.4,80,0.1,0.4,0.970079215568134
1e-05,6.1,3,8.8e-07,6.1,2.4,80,0.1,0.45,0.975131949474241
1e-05,6.1,3,8.8e-07,6.1,2.4,80,0.1,0.5,0.979155995470022
1e-05,6.1,3,8.8e-07,6.1,2.4,80,0.1,0.55,0.982398142516719
1e-05,6.1,3,8.8e-07,6.1,2.4,80,0.1,0.6,0.985036716857846
1e-05,6.1,3,8.8e-07,6.1,2.4,80,0.1,0.65,0.987203099354352
1e-05,6.1,3,8.8e-07,6.1,2.4,80,0.1,0.7,0.988995693343394
1e-05,6.1,3,8.8e-07,6.1,2.4,80,0.1,0.75,0.990489290693946
1e-05,6.1,3,8.8e-07,6.1,2.4,80,0.1,0.8,0.991741478681082
1e-05,6.1,3,8.8e-07,6.1,2.4,80,0.1,0.85,0.992797139402301
1e-05,6.1,3,8.8e-07,6.1,2.4,80,0.1,0.9,0.993691625349431
1e-05,6.1,3,8.8e-07,6.1,2.4,80,0.1,0.95,NA
1e-05,6.1,3,8.8e-07,6.1,2.4,80,0.1,1,NA
1e-05,6.1,3,8.8e-07,6.1,2.4,80,0.15,0,0.713730540663039
1e-05,6.1,3,8.8e-07,6.1,2.4,80,0.15,0.05,0.808274249972184
1e-05,6.1,3,8.8e-07,6.1,2.4,80,0.15,0.1,0.863818653664344
1e-05,6.1,3,8.8e-07,6.1,2.4,80,0.15,0.15,0.899073038607603
1e-05,6.1,3,8.8e-07,6.1,2.4,80,0.15,0.2,0.922819519707362
1e-05,6.1,3,8.8e-07,6.1,2.4,80,0.15,0.25,0.939561371983254
1e-05,6.1,3,8.8e-07,6.1,2.4,80,0.15,0.3,0.951788768585034
1e-05,6.1,3,8.8e-07,6.1,2.4,80,0.15,0.35,0.960968563888857
1e-05,6.1,3,8.8e-07,6.1,2.4,80,0.15,0.4,0.968012386555083
1e-05,6.1,3,8.8e-07,6.1,2.4,80,0.15,0.45,0.973513219510141
1e-05,6.1,3,8.8e-07,6.1,2.4,80,0.15,0.5,0.977871940781799
1e-05,6.1,3,8.8e-07,6.1,2.4,80,0.15,0.55,0.981368375399832
1e-05,6.1,3,8.8e-07,6.1,2.4,80,0.15,0.6,0.984202984742423
1e-05,6.1,3,8.8e-07,6.1,2.4,80,0.15,0.65,0.986522419014983
1e-05,6.1,3,8.8e-07,6.1,2.4,80,0.15,0.7,0.988435855746254
1e-05,6.1,3,8.8e-07,6.1,2.4,80,0.15,0.75,0.990025822809119
1e-05,6.1,3,8.8e-07,6.1,2.4,80,0.15,0.8,0.991355556541921
1e-05,6.1,3,8.8e-07,6.1,2.4,80,0.15,0.85,0.992474111611554
1e-05,6.1,3,8.8e-07,6.1,2.4,80,0.15,0.9,NA
1e-05,6.1,3,8.8e-07,6.1,2.4,80,0.15,0.95,NA
1e-05,6.1,3,8.8e-07,6.1,2.4,80,0.15,1,NA
1e-05,6.1,3,8.8e-07,6.1,2.4,80,0.2,0,0.660462729231899
1e-05,6.1,3,8.8e-07,6.1,2.4,80,0.2,0.05,0.779172071087266
1e-05,6.1,3,8.8e-07,6.1,2.4,80,0.2,0.1,0.846401617312095
1e-05,6.1,3,8.8e-07,6.1,2.4,80,0.2,0.15,0.887877052258083
1e-05,6.1,3,8.8e-07,6.1,2.4,80,0.2,0.2,0.915217727974728
1e-05,6.1,3,8.8e-07,6.1,2.4,80,0.2,0.25,0.934177854476732
1e-05,6.1,3,8.8e-07,6.1,2.4,80,0.2,0.3,0.947849552995821
1e-05,6.1,3,8.8e-07,6.1,2.4,80,0.2,0.35,0.958011460688858
1e-05,6.1,3,8.8e-07,6.1,2.4,80,0.2,0.4,0.965746993015781
1e-05,6.1,3,8.8e-07,6.1,2.4,80,0.2,0.45,0.971748986695426
1e-05,6.1,3,8.8e-07,6.1,2.4,80,0.2,0.5,0.976479171772519
1e-05,6.1,3,8.8e-07,6.1,2.4,80,0.2,0.55,0.980256070073831
1e-05,6.1,3,8.8e-07,6.1,2.4,80,0.2,0.6,0.983305725721168
1e-05,6.1,3,8.8e-07,6.1,2.4,80,0.2,0.65,0.985792253462892
1e-05,6.1,3,8.8e-07,6.1,2.4,80,0.2,0.7,0.987837056272889
1e-05,6.1,3,8.8e-07,6.1,2.4,80,0.2,0.75,0.989531382619306
1e-05,6.1,3,8.8e-07,6.1,2.4,80,0.2,0.8,0.99094479919062
1e-05,6.1,3,8.8e-07,6.1,2.4,80,0.2,0.85,NA
1e-05,6.1,3,8.8e-07,6.1,2.4,80,0.2,0.9,NA
1e-05,6.1,3,8.8e-07,6.1,2.4,80,0.2,0.95,NA
1e-05,6.1,3,8.8e-07,6.1,2.4,80,0.2,1,NA
1e-05,6.1,3,8.8e-07,6.1,2.4,80,0.25,0,0.591368740375508
1e-05,6.1,3,8.8e-07,6.1,2.4,80,0.25,0.05,0.742969090141188
1e-05,6.1,3,8.8e-07,6.1,2.4,80,0.25,0.1,0.825464342494061
1e-05,6.1,3,8.8e-07,6.1,2.4,80,0.25,0.15,0.874764727689054
1e-05,6.1,3,8.8e-07,6.1,2.4,80,0.25,0.2,0.906489694458175
1e-05,6.1,3,8.8e-07,6.1,2.4,80,0.25,0.25,0.928090398846519
1e-05,6.1,3,8.8e-07,6.1,2.4,80,0.25,0.3,0.943447794648757
1e-05,6.1,3,8.8e-07,6.1,2.4,80,0.25,0.35,0.954737800396527
1e-05,6.1,3,8.8e-07,6.1,2.4,80,0.25,0.4,0.963257692425463
1e-05,6.1,3,8.8e-07,6.1,2.4,80,0.25,0.45,0.969822136510052
1e-05,6.1,3,8.8e-07,6.1,2.4,80,0.25,0.5,0.974965763098643
1e-05,6.1,3,8.8e-07,6.1,2.4,80,0.25,0.55,0.97905271179553
1e-05,6.1,3,8.8e-07,6.1,2.4,80,0.25,0.6,0.982338744266717
1e-05,6.1,3,8.8e-07,6.1,2.4,80,0.25,0.65,0.98500802570668
1e-05,6.1,3,8.8e-07,6.1,2.4,80,0.25,0.7,0.987195866437783
1e-05,6.1,3,8.8e-07,6.1,2.4,80,0.25,0.75,0.989003370263654
1e-05,6.1,3,8.8e-07,6.1,2.4,80,0.25,0.8,NA
1e-05,6.1,3,8.8e-07,6.1,2.4,80,0.25,0.85,NA
1e-05,6.1,3,8.8e-07,6.1,2.4,80,0.25,0.9,NA
1e-05,6.1,3,8.8e-07,6.1,2.4,80,0.25,0.95,NA
1e-05,6.1,3,8.8e-07,6.1,2.4,80,0.25,1,NA
1e-05,6.1,3,8.8e-07,6.1,2.4,80,0.3,0,0.500150957606002
1e-05,6.1,3,8.8e-07,6.1,2.4,80,0.3,0.05,0.697194069751459
1e-05,6.1,3,8.8e-07,6.1,2.4,80,0.3,0.1,0.799976352910844
1e-05,6.1,3,8.8e-07,6.1,2.4,80,0.3,0.15,0.859262476844995
1e-05,6.1,3,8.8e-07,6.1,2.4,80,0.3,0.2,0.89639649416031
1e-05,6.1,3,8.8e-07,6.1,2.4,80,0.3,0.25,0.921168847167436
1e-05,6.1,3,8.8e-07,6.1,2.4,80,0.3,0.3,0.938507960811369
1e-05,6.1,3,8.8e-07,6.1,2.4,80,0.3,0.35,0.951101367122918
1e-05,6.1,3,8.8e-07,6.1,2.4,80,0.3,0.4,0.960514896023618
1e-05,6.1,3,8.8e-07,6.1,2.4,80,0.3,0.45,0.967712952250804
1e-05,6.1,3,8.8e-07,6.1,2.4,80,0.3,0.5,0.973318130506894
1e-05,6.1,3,8.8e-07,6.1,2.4,80,0.3,0.55,0.977748688625803
1e-05,6.1,3,8.8e-07,6.1,2.4,80,0.3,0.6,0.981295096032267
1e-05,6.1,3,8.8e-07,6.1,2.4,80,0.3,0.65,0.984164633822975
1e-05,6.1,3,8.8e-07,6.1,2.4,80,0.3,0.7,0.986508482280793
1e-05,6.1,3,8.8e-07,6.1,2.4,80,0.3,0.75,NA
1e-05,6.1,3,8.8e-07,6.1,2.4,80,0.3,0.8,NA
1e-05,6.1,3,8.8e-07,6.1,2.4,80,0.3,0.85,NA
1e-05,6.1,3,8.8e-07,6.1,2.4,80,0.3,0.9,NA
1e-05,6.1,3,8.8e-07,6.1,2.4,80,0.3,0.95,NA
1e-05,6.1,3,8.8e-07,6.1,2.4,80,0.3,1,NA
1e-05,6.1,3,8.8e-07,6.1,2.4,80,0.35,0,0.377804133465768
1e-05,6.1,3,8.8e-07,6.1,2.4,80,0.35,0.05,0.638289301659564
1e-05,6.1,3,8.8e-07,6.1,2.4,80,0.35,0.1,0.768506504702337
1e-05,6.1,3,8.8e-07,6.1,2.4,80,0.35,0.15,0.840739215214574
1e-05,6.1,3,8.8e-07,6.1,2.4,80,0.35,0.2,0.884631033637228
1e-05,6.1,3,8.8e-07,6.1,2.4,80,0.35,0.25,0.913250652755881
1e-05,6.1,3,8.8e-07,6.1,2.4,80,0.35,0.3,0.932937951286133
1e-05,6.1,3,8.8e-07,6.1,2.4,80,0.35,0.35,0.947046925816028
1e-05,6.1,3,8.8e-07,6.1,2.4,80,0.35,0.4,0.957483820468124
1e-05,6.1,3,8.8e-07,6.1,2.4,80,0.35,0.45,0.965398595472561
1e-05,6.1,3,8.8e-07,6.1,2.4,80,0.35,0.5,0.9715207405731
1e-05,6.1,3,8.8e-07,6.1,2.4,80,0.35,0.55,0.976333115841699
1e-05,6.1,3,8.8e-07,6.1,2.4,80,0.35,0.6,0.980166975372767
1e-05,6.1,3,8.8e-07,6.1,2.4,80,0.35,0.65,0.983256373958093
1e-05,6.1,3,8.8e-07,6.1,2.4,80,0.35,0.7,NA
1e-05,6.1,3,8.8e-07,6.1,2.4,80,0.35,0.75,NA
1e-05,6.1,3,8.8e-07,6.1,2.4,80,0.35,0.8,NA
1e-05,6.1,3,8.8e-07,6.1,2.4,80,0.35,0.85,NA
1e-05,6.1,3,8.8e-07,6.1,2.4,80,0.35,0.9,NA
1e-05,6.1,3,8.8e-07,6.1,2.4,80,0.35,0.95,NA
1e-05,6.1,3,8.8e-07,6.1,2.4,80,0.35,1,NA
1e-05,6.1,3,8.8e-07,6.1,2.4,80,0.4,0,0.212020151644525
1e-05,6.1,3,8.8e-07,6.1,2.4,80,0.4,0.05,0.561084938509254
1e-05,6.1,3,8.8e-07,6.1,2.4,80,0.4,0.1,0.729033778502
1e-05,6.1,3,8.8e-07,6.1,2.4,80,0.4,0.15,0.818339965925178
1e-05,6.1,3,8.8e-07,6.1,2.4,80,0.4,0.2,0.870793348175761
1e-05,6.1,3,8.8e-07,6.1,2.4,80,0.4,0.25,0.904130719549191
1e-05,6.1,3,8.8e-07,6.1,2.4,80,0.4,0.3,0.926624457256235
1e-05,6.1,3,8.8e-07,6.1,2.4,80,0.4,0.35,0.942507918842285
1e-05,6.1,3,8.8e-07,6.1,2.4,80,0.4,0.4,0.954123308289369
1e-05,6.1,3,8.8e-07,6.1,2.4,80,0.4,0.45,0.962852479786661
1e-05,6.1,3,8.8e-07,6.1,2.4,80,0.4,0.5,0.969555746354806
1e-05,6.1,3,8.8e-07,6.1,2.4,80,0.4,0.55,0.974793623135831
1e-05,6.1,3,8.8e-07,6.1,2.4,80,0.4,0.6,0.978945582878372
1e-05,6.1,3,8.8e-07,6.1,2.4,80,0.4,0.65,NA
1e-05,6.1,3,8.8e-07,6.1,2.4,80,0.4,0.7,NA
1e-05,6.1,3,8.8e-07,6.1,2.4,80,0.4,0.75,NA
1e-05,6.1,3,8.8e-07,6.1,2.4,80,0.4,0.8,NA
1e-05,6.1,3,8.8e-07,6.1,2.4,80,0.4,0.85,NA
1e-05,6.1,3,8.8e-07,6.1,2.4,80,0.4,0.9,NA
1e-05,6.1,3,8.8e-07,6.1,2.4,80,0.4,0.95,NA
1e-05,6.1,3,8.8e-07,6.1,2.4,80,0.4,1,NA
1e-05,6.1,3,8.8e-07,6.1,2.4,80,0.45,0,-0.00284980433379122
1e-05,6.1,3,8.8e-07,6.1,2.4,80,0.45,0.05,0.458072907935939
1e-05,6.1,3,8.8e-07,6.1,2.4,80,0.45,0.1,0.678658544601738
1e-05,6.1,3,8.8e-07,6.1,2.4,80,0.45,0.15,0.790885805334201
1e-05,6.1,3,8.8e-07,6.1,2.4,80,0.45,0.2,0.854354382695232
1e-05,6.1,3,8.8e-07,6.1,2.4,80,0.45,0.25,0.893547094021647
1e-05,6.1,3,8.8e-07,6.1,2.4,80,0.45,0.3,0.919426714877813
1e-05,6.1,3,8.8e-07,6.1,2.4,80,0.45,0.35,0.937403546513302
1e-05,6.1,3,8.8e-07,6.1,2.4,80,0.45,0.4,0.950384365345153
1e-05,6.1,3,8.8e-07,6.1,2.4,80,0.45,0.45,0.960043463372495
1e-05,6.1,3,8.8e-07,6.1,2.4,80,0.45,0.5,0.967402535614281
1e-05,6.1,3,8.8e-07,6.1,2.4,80,0.45,0.55,0.973116092658921
1e-05,6.1,3,8.8e-07,6.1,2.4,80,0.45,0.6,NA
1e-05,6.1,3,8.8e-07,6.1,2.4,80,0.45,0.65,NA
1e-05,6.1,3,8.8e-07,6.1,2.4,80,0.45,0.7,NA
1e-05,6.1,3,8.8e-07,6.1,2.4,80,0.45,0.75,NA
1e-05,6.1,3,8.8e-07,6.1,2.4,80,0.45,0.8,NA
1e-05,6.1,3,8.8e-07,6.1,2.4,80,0.45,0.85,NA
1e-05,6.1,3,8.8e-07,6.1,2.4,80,0.45,0.9,NA
1e-05,6.1,3,8.8e-07,6.1,2.4,80,0.45,0.95,NA
1e-05,6.1,3,8.8e-07,6.1,2.4,80,0.45,1,NA
1e-05,6.1,3,8.8e-07,6.1,2.4,80,0.5,0,-0.0770229421715937
1e-05,6.1,3,8.8e-07,6.1,2.4,80,0.5,0.05,0.318598398833022
1e-05,6.1,3,8.8e-07,6.1,2.4,80,0.5,0.1,0.613165612360401
1e-05,6.1,3,8.8e-07,6.1,2.4,80,0.5,0.15,0.756722627748538
1e-05,6.1,3,8.8e-07,6.1,2.4,80,0.5,0.2,0.834602789324906
1e-05,6.1,3,8.8e-07,6.1,2.4,80,0.5,0.25,0.881160922475308
1e-05,6.1,3,8.8e-07,6.1,2.4,80,0.5,0.3,0.911168139777619
1e-05,6.1,3,8.8e-07,6.1,2.4,80,0.5,0.35,0.931634901615876
1e-05,6.1,3,8.8e-07,6.1,2.4,80,0.5,0.4,0.946208208050826
1e-05,6.1,3,8.8e-07,6.1,2.4,80,0.5,0.45,0.956934821977771
1e-05,6.1,3,8.8e-07,6.1,2.4,80,0.5,0.5,0.965037177355911
1e-05,6.1,3,8.8e-07,6.1,2.4,80,0.5,0.55,NA
1e-05,6.1,3,8.8e-07,6.1,2.4,80,0.5,0.6,NA
1e-05,6.1,3,8.8e-07,6.1,2.4,80,0.5,0.65,NA
1e-05,6.1,3,8.8e-07,6.1,2.4,80,0.5,0.7,NA
1e-05,6.1,3,8.8e-07,6.1,2.4,80,0.5,0.75,NA
1e-05,6.1,3,8.8e-07,6.1,2.4,80,0.5,0.8,NA
1e-05,6.1,3,8.8e-07,6.1,2.4,80,0.5,0.85,NA
1e-05,6.1,3,8.8e-07,6.1,2.4,80,0.5,0.9,NA
1e-05,6.1,3,8.8e-07,6.1,2.4,80,0.5,0.95,NA
1e-05,6.1,3,8.8e-07,6.1,2.4,80,0.5,1,NA
1e-05,6.1,3,8.8e-07,6.1,2.4,80,0.55,0,-0.169519505490097
1e-05,6.1,3,8.8e-07,6.1,2.4,80,0.55,0.05,0.128582920734746
1e-05,6.1,3,8.8e-07,6.1,2.4,80,0.55,0.1,0.526384223658588
1e-05,6.1,3,8.8e-07,6.1,2.4,80,0.55,0.15,0.713489440768063
1e-05,6.1,3,8.8e-07,6.1,2.4,80,0.55,0.2,0.810565144484239
1e-05,6.1,3,8.8e-07,6.1,2.4,80,0.55,0.25,0.866527286657981
1e-05,6.1,3,8.8e-07,6.1,2.4,80,0.55,0.3,0.901624605183699
1e-05,6.1,3,8.8e-07,6.1,2.4,80,0.55,0.35,0.925079748204408
1e-05,6.1,3,8.8e-07,6.1,2.4,80,0.55,0.4,0.941523771931236
1e-05,6.1,3,8.8e-07,6.1,2.4,80,0.55,0.45,0.953482999773293
1e-05,6.1,3,8.8e-07,6.1,2.4,80,0.55,0.5,NA
1e-05,6.1,3,8.8e-07,6.1,2.4,80,0.55,0.55,NA
1e-05,6.1,3,8.8e-07,6.1,2.4,80,0.55,0.6,NA
1e-05,6.1,3,8.8e-07,6.1,2.4,80,0.55,0.65,NA
1e-05,6.1,3,8.8e-07,6.1,2.4,80,0.55,0.7,NA
1e-05,6.1,3,8.8e-07,6.1,2.4,80,0.55,0.75,NA
1e-05,6.1,3,8.8e-07,6.1,2.4,80,0.55,0.8,NA
1e-05,6.1,3,8.8e-07,6.1,2.4,80,0.55,0.85,NA
1e-05,6.1,3,8.8e-07,6.1,2.4,80,0.55,0.9,NA
1e-05,6.1,3,8.8e-07,6.1,2.4,80,0.55,0.95,NA
1e-05,6.1,3,8.8e-07,6.1,2.4,80,0.55,1,NA
1e-05,6.1,3,8.8e-07,6.1,2.4,80,0.6,0,-0.2756441306185
1e-05,6.1,3,8.8e-07,6.1,2.4,80,0.6,0.05,-0.0318852865907165
1e-05,6.1,3,8.8e-07,6.1,2.4,80,0.6,0.1,0.409352122867328
1e-05,6.1,3,8.8e-07,6.1,2.4,80,0.6,0.15,0.657762911856545
1e-05,6.1,3,8.8e-07,6.1,2.4,80,0.6,0.2,0.780885448786073
1e-05,6.1,3,8.8e-07,6.1,2.4,80,0.6,0.25,0.849052531302591
1e-05,6.1,3,8.8e-07,6.1,2.4,80,0.6,0.3,0.890508100676537
1e-05,6.1,3,8.8e-07,6.1,2.4,80,0.6,0.35,0.917585598487596
1e-05,6.1,3,8.8e-07,6.1,2.4,80,0.6,0.4,0.936244493274088
1e-05,6.1,3,8.8e-07,6.1,2.4,80,0.6,0.45,NA
1e-05,6.1,3,8.8e-07,6.1,2.4,80,0.6,0.5,NA
1e-05,6.1,3,8.8e-07,6.1,2.4,80,0.6,0.55,NA
1e-05,6.1,3,8.8e-07,6.1,2.4,80,0.6,0.6,NA
1e-05,6.1,3,8.8e-07,6.1,2.4,80,0.6,0.65,NA
1e-05,6.1,3,8.8e-07,6.1,2.4,80,0.6,0.7,NA
1e-05,6.1,3,8.8e-07,6.1,2.4,80,0.6,0.75,NA
1e-05,6.1,3,8.8e-07,6.1,2.4,80,0.6,0.8,NA
1e-05,6.1,3,8.8e-07,6.1,2.4,80,0.6,0.85,NA
1e-05,6.1,3,8.8e-07,6.1,2.4,80,0.6,0.9,NA
1e-05,6.1,3,8.8e-07,6.1,2.4,80,0.6,0.95,NA
1e-05,6.1,3,8.8e-07,6.1,2.4,80,0.6,1,NA
1e-05,6.1,3,8.8e-07,6.1,2.4,80,0.65,0,-0.38537651971616
1e-05,6.1,3,8.8e-07,6.1,2.4,80,0.65,0.05,-0.115017354071613
1e-05,6.1,3,8.8e-07,6.1,2.4,80,0.65,0.1,0.249569563403032
1e-05,6.1,3,8.8e-07,6.1,2.4,80,0.65,0.15,0.584518391213777
1e-05,6.1,3,8.8e-07,6.1,2.4,80,0.65,0.2,0.743640596944584
1e-05,6.1,3,8.8e-07,6.1,2.4,80,0.65,0.25,0.827930676529363
1e-05,6.1,3,8.8e-07,6.1,2.4,80,0.65,0.3,0.877443246557764
1e-05,6.1,3,8.8e-07,6.1,2.4,80,0.65,0.35,0.908960097654768
1e-05,6.1,3,8.8e-07,6.1,2.4,80,0.65,0.4,NA
1e-05,6.1,3,8.8e-07,6.1,2.4,80,0.65,0.45,NA
1e-05,6.1,3,8.8e-07,6.1,2.4,80,0.65,0.5,NA
1e-05,6.1,3,8.8e-07,6.1,2.4,80,0.65,0.55,NA
1e-05,6.1,3,8.8e-07,6.1,2.4,80,0.65,0.6,NA
1e-05,6.1,3,8.8e-07,6.1,2.4,80,0.65,0.65,NA
1e-05,6.1,3,8.8e-07,6.1,2.4,80,0.65,0.7,NA
1e-05,6.1,3,8.8e-07,6.1,2.4,80,0.65,0.75,NA
1e-05,6.1,3,8.8e-07,6.1,2.4,80,0.65,0.8,NA
1e-05,6.1,3,8.8e-07,6.1,2.4,80,0.65,0.85,NA
1e-05,6.1,3,8.8e-07,6.1,2.4,80,0.65,0.9,NA
1e-05,6.1,3,8.8e-07,6.1,2.4,80,0.65,0.95,NA
1e-05,6.1,3,8.8e-07,6.1,2.4,80,0.65,1,NA
1e-05,6.1,3,8.8e-07,6.1,2.4,80,0.7,0,-0.488149995994885
1e-05,6.1,3,8.8e-07,6.1,2.4,80,0.7,0.05,-0.215602816334878
1e-05,6.1,3,8.8e-07,6.1,2.4,80,0.7,0.1,0.0313998368199061
1e-05,6.1,3,8.8e-07,6.1,2.4,80,0.7,0.15,0.486362017687465
1e-05,6.1,3,8.8e-07,6.1,2.4,80,0.7,0.2,0.696055261799477
1e-05,6.1,3,8.8e-07,6.1,2.4,80,0.7,0.25,0.802047576928767
1e-05,6.1,3,8.8e-07,6.1,2.4,80,0.7,0.3,0.861932977111686
1e-05,6.1,3,8.8e-07,6.1,2.4,80,0.7,0.35,NA
1e-05,6.1,3,8.8e-07,6.1,2.4,80,0.7,0.4,NA
1e-05,6.1,3,8.8e-07,6.1,2.4,80,0.7,0.45,NA
1e-05,6.1,3,8.8e-07,6.1,2.4,80,0.7,0.5,NA
1e-05,6.1,3,8.8e-07,6.1,2.4,80,0.7,0.55,NA
1e-05,6.1,3,8.8e-07,6.1,2.4,80,0.7,0.6,NA
1e-05,6.1,3,8.8e-07,6.1,2.4,80,0.7,0.65,NA
1e-05,6.1,3,8.8e-07,6.1,2.4,80,0.7,0.7,NA
1e-05,6.1,3,8.8e-07,6.1,2.4,80,0.7,0.75,NA
1e-05,6.1,3,8.8e-07,6.1,2.4,80,0.7,0.8,NA
1e-05,6.1,3,8.8e-07,6.1,2.4,80,0.7,0.85,NA
1e-05,6.1,3,8.8e-07,6.1,2.4,80,0.7,0.9,NA
1e-05,6.1,3,8.8e-07,6.1,2.4,80,0.7,0.95,NA
1e-05,6.1,3,8.8e-07,6.1,2.4,80,0.7,1,NA
1e-05,6.1,3,8.8e-07,6.1,2.4,80,0.75,0,-0.577498444371517
1e-05,6.1,3,8.8e-07,6.1,2.4,80,0.75,0.05,-0.325928230605138
1e-05,6.1,3,8.8e-07,6.1,2.4,80,0.75,0.1,-0.0650174346038451
1e-05,6.1,3,8.8e-07,6.1,2.4,80,0.75,0.15,0.352623173044578
1e-05,6.1,3,8.8e-07,6.1,2.4,80,0.75,0.2,0.634061026548496
1e-05,6.1,3,8.8e-07,6.1,2.4,80,0.75,0.25,0.769834635277062
1e-05,6.1,3,8.8e-07,6.1,2.4,80,0.75,0.3,NA
1e-05,6.1,3,8.8e-07,6.1,2.4,80,0.75,0.35,NA
1e-05,6.1,3,8.8e-07,6.1,2.4,80,0.75,0.4,NA
1e-05,6.1,3,8.8e-07,6.1,2.4,80,0.75,0.45,NA
1e-05,6.1,3,8.8e-07,6.1,2.4,80,0.75,0.5,NA
1e-05,6.1,3,8.8e-07,6.1,2.4,80,0.75,0.55,NA
1e-05,6.1,3,8.8e-07,6.1,2.4,80,0.75,0.6,NA
1e-05,6.1,3,8.8e-07,6.1,2.4,80,0.75,0.65,NA
1e-05,6.1,3,8.8e-07,6.1,2.4,80,0.75,0.7,NA
1e-05,6.1,3,8.8e-07,6.1,2.4,80,0.75,0.75,NA
1e-05,6.1,3,8.8e-07,6.1,2.4,80,0.75,0.8,NA
1e-05,6.1,3,8.8e-07,6.1,2.4,80,0.75,0.85,NA
1e-05,6.1,3,8.8e-07,6.1,2.4,80,0.75,0.9,NA
1e-05,6.1,3,8.8e-07,6.1,2.4,80,0.75,0.95,NA
1e-05,6.1,3,8.8e-07,6.1,2.4,80,0.75,1,NA
1e-05,6.1,3,8.8e-07,6.1,2.4,80,0.8,0,-0.651826132025454
1e-05,6.1,3,8.8e-07,6.1,2.4,80,0.8,0.05,-0.434720073457349
1e-05,6.1,3,8.8e-07,6.1,2.4,80,0.8,0.1,-0.157350418881233
1e-05,6.1,3,8.8e-07,6.1,2.4,80,0.8,0.15,0.168876703827945
1e-05,6.1,3,8.8e-07,6.1,2.4,80,0.8,0.2,0.551635358605213
1e-05,6.1,3,8.8e-07,6.1,2.4,80,0.8,0.25,NA
1e-05,6.1,3,8.8e-07,6.1,2.4,80,0.8,0.3,NA
1e-05,6.1,3,8.8e-07,6.1,2.4,80,0.8,0.35,NA
1e-05,6.1,3,8.8e-07,6.1,2.4,80,0.8,0.4,NA
1e-05,6.1,3,8.8e-07,6.1,2.4,80,0.8,0.45,NA
1e-05,6.1,3,8.8e-07,6.1,2.4,80,0.8,0.5,NA
1e-05,6.1,3,8.8e-07,6.1,2.4,80,0.8,0.55,NA
1e-05,6.1,3,8.8e-07,6.1,2.4,80,0.8,0.6,NA
1e-05,6.1,3,8.8e-07,6.1,2.4,80,0.8,0.65,NA
1e-05,6.1,3,8.8e-07,6.1,2.4,80,0.8,0.7,NA
1e-05,6.1,3,8.8e-07,6.1,2.4,80,0.8,0.75,NA
1e-05,6.1,3,8.8e-07,6.1,2.4,80,0.8,0.8,NA
1e-05,6.1,3,8.8e-07,6.1,2.4,80,0.8,0.85,NA
1e-05,6.1,3,8.8e-07,6.1,2.4,80,0.8,0.9,NA
1e-05,6.1,3,8.8e-07,6.1,2.4,80,0.8,0.95,NA
1e-05,6.1,3,8.8e-07,6.1,2.4,80,0.8,1,NA
1e-05,6.1,3,8.8e-07,6.1,2.4,80,0.85,0,-0.712514763522222
1e-05,6.1,3,8.8e-07,6.1,2.4,80,0.85,0.05,-0.53268700149507
1e-05,6.1,3,8.8e-07,6.1,2.4,80,0.85,0.1,-0.264719768569381
1e-05,6.1,3,8.8e-07,6.1,2.4,80,0.85,0.15,-0.0203665768868204
1e-05,6.1,3,8.8e-07,6.1,2.4,80,0.85,0.2,NA
1e-05,6.1,3,8.8e-07,6.1,2.4,80,0.85,0.25,NA
1e-05,6.1,3,8.8e-07,6.1,2.4,80,0.85,0.3,NA
1e-05,6.1,3,8.8e-07,6.1,2.4,80,0.85,0.35,NA
1e-05,6.1,3,8.8e-07,6.1,2.4,80,0.85,0.4,NA
1e-05,6.1,3,8.8e-07,6.1,2.4,80,0.85,0.45,NA
1e-05,6.1,3,8.8e-07,6.1,2.4,80,0.85,0.5,NA
1e-05,6.1,3,8.8e-07,6.1,2.4,80,0.85,0.55,NA
1e-05,6.1,3,8.8e-07,6.1,2.4,80,0.85,0.6,NA
1e-05,6.1,3,8.8e-07,6.1,2.4,80,0.85,0.65,NA
1e-05,6.1,3,8.8e-07,6.1,2.4,80,0.85,0.7,NA
1e-05,6.1,3,8.8e-07,6.1,2.4,80,0.85,0.75,NA
1e-05,6.1,3,8.8e-07,6.1,2.4,80,0.85,0.8,NA
1e-05,6.1,3,8.8e-07,6.1,2.4,80,0.85,0.85,NA
1e-05,6.1,3,8.8e-07,6.1,2.4,80,0.85,0.9,NA
1e-05,6.1,3,8.8e-07,6.1,2.4,80,0.85,0.95,NA
1e-05,6.1,3,8.8e-07,6.1,2.4,80,0.85,1,NA
1e-05,6.1,3,8.8e-07,6.1,2.4,80,0.9,0,-0.761987101353687
1e-05,6.1,3,8.8e-07,6.1,2.4,80,0.9,0.05,-0.615671801449988
1e-05,6.1,3,8.8e-07,6.1,2.4,80,0.9,0.1,-0.376941291319394
1e-05,6.1,3,8.8e-07,6.1,2.4,80,0.9,0.15,NA
1e-05,6.1,3,8.8e-07,6.1,2.4,80,0.9,0.2,NA
1e-05,6.1,3,8.8e-07,6.1,2.4,80,0.9,0.25,NA
1e-05,6.1,3,8.8e-07,6.1,2.4,80,0.9,0.3,NA
1e-05,6.1,3,8.8e-07,6.1,2.4,80,0.9,0.35,NA
1e-05,6.1,3,8.8e-07,6.1,2.4,80,0.9,0.4,NA
1e-05,6.1,3,8.8e-07,6.1,2.4,80,0.9,0.45,NA
1e-05,6.1,3,8.8e-07,6.1,2.4,80,0.9,0.5,NA
1e-05,6.1,3,8.8e-07,6.1,2.4,80,0.9,0.55,NA
1e-05,6.1,3,8.8e-07,6.1,2.4,80,0.9,0.6,NA
1e-05,6.1,3,8.8e-07,6.1,2.4,80,0.9,0.65,NA
1e-05,6.1,3,8.8e-07,6.1,2.4,80,0.9,0.7,NA
1e-05,6.1,3,8.8e-07,6.1,2.4,80,0.9,0.75,NA
1e-05,6.1,3,8.8e-07,6.1,2.4,80,0.9,0.8,NA
1e-05,6.1,3,8.8e-07,6.1,2.4,80,0.9,0.85,NA
1e-05,6.1,3,8.8e-07,6.1,2.4,80,0.9,0.9,NA
1e-05,6.1,3,8.8e-07,6.1,2.4,80,0.9,0.95,NA
1e-05,6.1,3,8.8e-07,6.1,2.4,80,0.9,1,NA
1e-05,6.1,3,8.8e-07,6.1,2.4,80,0.95,0,-0.802651986960364
1e-05,6.1,3,8.8e-07,6.1,2.4,80,0.95,0.05,-0.683784090827243
1e-05,6.1,3,8.8e-07,6.1,2.4,80,0.95,0.1,NA
1e-05,6.1,3,8.8e-07,6.1,2.4,80,0.95,0.15,NA
1e-05,6.1,3,8.8e-07,6.1,2.4,80,0.95,0.2,NA
1e-05,6.1,3,8.8e-07,6.1,2.4,80,0.95,0.25,NA
1e-05,6.1,3,8.8e-07,6.1,2.4,80,0.95,0.3,NA
1e-05,6.1,3,8.8e-07,6.1,2.4,80,0.95,0.35,NA
1e-05,6.1,3,8.8e-07,6.1,2.4,80,0.95,0.4,NA
1e-05,6.1,3,8.8e-07,6.1,2.4,80,0.95,0.45,NA
1e-05,6.1,3,8.8e-07,6.1,2.4,80,0.95,0.5,NA
1e-05,6.1,3,8.8e-07,6.1,2.4,80,0.95,0.55,NA
1e-05,6.1,3,8.8e-07,6.1,2.4,80,0.95,0.6,NA
1e-05,6.1,3,8.8e-07,6.1,2.4,80,0.95,0.65,NA
1e-05,6.1,3,8.8e-07,6.1,2.4,80,0.95,0.7,NA
1e-05,6.1,3,8.8e-07,6.1,2.4,80,0.95,0.75,NA
1e-05,6.1,3,8.8e-07,6.1,2.4,80,0.95,0.8,NA
1e-05,6.1,3,8.8e-07,6.1,2.4,80,0.95,0.85,NA
1e-05,6.1,3,8.8e-07,6.1,2.4,80,0.95,0.9,NA
1e-05,6.1,3,8.8e-07,6.1,2.4,80,0.95,0.95,NA
1e-05,6.1,3,8.8e-07,6.1,2.4,80,0.95,1,NA
1e-05,6.1,3,8.8e-07,6.1,2.4,80,1,0,-0.836531464235183
1e-05,6.1,3,8.8e-07,6.1,2.4,80,1,0.05,NA
1e-05,6.1,3,8.8e-07,6.1,2.4,80,1,0.1,NA
1e-05,6.1,3,8.8e-07,6.1,2.4,80,1,0.15,NA
1e-05,6.1,3,8.8e-07,6.1,2.4,80,1,0.2,NA
1e-05,6.1,3,8.8e-07,6.1,2.4,80,1,0.25,NA
1e-05,6.1,3,8.8e-07,6.1,2.4,80,1,0.3,NA
1e-05,6.1,3,8.8e-07,6.1,2.4,80,1,0.35,NA
1e-05,6.1,3,8.8e-07,6.1,2.4,80,1,0.4,NA
1e-05,6.1,3,8.8e-07,6.1,2.4,80,1,0.45,NA
1e-05,6.1,3,8.8e-07,6.1,2.4,80,1,0.5,NA
1e-05,6.1,3,8.8e-07,6.1,2.4,80,1,0.55,NA
1e-05,6.1,3,8.8e-07,6.1,2.4,80,1,0.6,NA
1e-05,6.1,3,8.8e-07,6.1,2.4,80,1,0.65,NA
1e-05,6.1,3,8.8e-07,6.1,2.4,80,1,0.7,NA
1e-05,6.1,3,8.8e-07,6.1,2.4,80,1,0.75,NA
1e-05,6.1,3,8.8e-07,6.1,2.4,80,1,0.8,NA
1e-05,6.1,3,8.8e-07,6.1,2.4,80,1,0.85,NA
1e-05,6.1,3,8.8e-07,6.1,2.4,80,1,0.9,NA
1e-05,6.1,3,8.8e-07,6.1,2.4,80,1,0.95,NA
1e-05,6.1,3,8.8e-07,6.1,2.4,80,1,1,NA
