betaK,deltaK,cK,betaE,deltaE,cE,percK,fX1,fX3,riskscore
1e-05,6.1,3.6,2.7e-06,6.1,3,80,0,0,0.817060233578668
1e-05,6.1,3.6,2.7e-06,6.1,3,80,0,0.05,0.873749953108061
1e-05,6.1,3.6,2.7e-06,6.1,3,80,0,0.1,0.907556602848596
1e-05,6.1,3.6,2.7e-06,6.1,3,80,0,0.15,0.929466550715663
1e-05,6.1,3.6,2.7e-06,6.1,3,80,0,0.2,0.944532260056272
1e-05,6.1,3.6,2.7e-06,6.1,3,80,0,0.25,0.955344868754821
1e-05,6.1,3.6,2.7e-06,6.1,3,80,0,0.3,0.963359312948528
1e-05,6.1,3.6,2.7e-06,6.1,3,80,0,0.35,0.969455298348286
1e-05,6.1,3.6,2.7e-06,6.1,3,80,0,0.4,0.974193350934953
1e-05,6.1,3.6,2.7e-06,6.1,3,80,0,0.45,0.977943618638692
1e-05,6.1,3.6,2.7e-06,6.1,3,80,0,0.5,0.980957737519095
1e-05,6.1,3.6,2.7e-06,6.1,3,80,0,0.55,0.983411540248592
1e-05,6.1,3.6,2.7e-06,6.1,3,80,0,0.6,0.985431120275391
1e-05,6.1,3.6,2.7e-06,6.1,3,80,0,0.65,0.987109043749085
1e-05,6.1,3.6,2.7e-06,6.1,3,80,0,0.7,0.988514644699238
1e-05,6.1,3.6,2.7e-06,6.1,3,80,0,0.75,0.989700754762911
1e-05,6.1,3.6,2.7e-06,6.1,3,80,0,0.8,0.990708204965881
1e-05,6.1,3.6,2.7e-06,6.1,3,80,0,0.85,0.991568926794562
1e-05,6.1,3.6,2.7e-06,6.1,3,80,0,0.9,0.992308148617466
1e-05,6.1,3.6,2.7e-06,6.1,3,80,0,0.95,0.992945977786925
1e-05,6.1,3.6,2.7e-06,6.1,3,80,0,1,0.993498576785857
1e-05,6.1,3.6,2.7e-06,6.1,3,80,0.05,0,0.746226290535818
1e-05,6.1,3.6,2.7e-06,6.1,3,80,0.05,0.05,0.830274803890323
1e-05,6.1,3.6,2.7e-06,6.1,3,80,0.05,0.1,0.87851339323672
1e-05,6.1,3.6,2.7e-06,6.1,3,80,0.05,0.15,0.90884366855782
1e-05,6.1,3.6,2.7e-06,6.1,3,80,0.05,0.2,0.929214561453407
1e-05,6.1,3.6,2.7e-06,6.1,3,80,0.05,0.25,0.943567957081469
1e-05,6.1,3.6,2.7e-06,6.1,3,80,0.05,0.3,0.954054185594163
1e-05,6.1,3.6,2.7e-06,6.1,3,80,0.05,0.35,0.961940523363125
1e-05,6.1,3.6,2.7e-06,6.1,3,80,0.05,0.4,0.968015792225445
1e-05,6.1,3.6,2.7e-06,6.1,3,80,0.05,0.45,0.972790437167887
1e-05,6.1,3.6,2.7e-06,6.1,3,80,0.05,0.5,0.976605743369174
1e-05,6.1,3.6,2.7e-06,6.1,3,80,0.05,0.55,0.979696975278197
1e-05,6.1,3.6,2.7e-06,6.1,3,80,0.05,0.6,0.982231003972542
1e-05,6.1,3.6,2.7e-06,6.1,3,80,0.05,0.65,0.984329195117719
1e-05,6.1,3.6,2.7e-06,6.1,3,80,0.05,0.7,0.986081748745158
1e-05,6.1,3.6,2.7e-06,6.1,3,80,0.05,0.75,0.987556928779755
1e-05,6.1,3.6,2.7e-06,6.1,3,80,0.05,0.8,0.988807182441699
1e-05,6.1,3.6,2.7e-06,6.1,3,80,0.05,0.85,0.989873319002918
1e-05,6.1,3.6,2.7e-06,6.1,3,80,0.05,0.9,0.990787437802585
1e-05,6.1,3.6,2.7e-06,6.1,3,80,0.05,0.95,0.991575027330448
1e-05,6.1,3.6,2.7e-06,6.1,3,80,0.05,1,NA
1e-05,6.1,3.6,2.7e-06,6.1,3,80,0.1,0,0.645960941472527
1e-05,6.1,3.6,2.7e-06,6.1,3,80,0.1,0.05,0.770548366666501
1e-05,6.1,3.6,2.7e-06,6.1,3,80,0.1,0.1,0.839704344373691
1e-05,6.1,3.6,2.7e-06,6.1,3,80,0.1,0.15,0.881915741636699
1e-05,6.1,3.6,2.7e-06,6.1,3,80,0.1,0.2,0.90958368960292
1e-05,6.1,3.6,2.7e-06,6.1,3,80,0.1,0.25,0.928699374281434
1e-05,6.1,3.6,2.7e-06,6.1,3,80,0.1,0.3,0.942447903698171
1e-05,6.1,3.6,2.7e-06,6.1,3,80,0.1,0.35,0.95266037629099
1e-05,6.1,3.6,2.7e-06,6.1,3,80,0.1,0.4,0.960450434196755
1e-05,6.1,3.6,2.7e-06,6.1,3,80,0.1,0.45,0.966524310626356
1e-05,6.1,3.6,2.7e-06,6.1,3,80,0.1,0.5,0.971346341066252
1e-05,6.1,3.6,2.7e-06,6.1,3,80,0.1,0.55,0.975232205001016
1e-05,6.1,3.6,2.7e-06,6.1,3,80,0.1,0.6,0.978403211374897
1e-05,6.1,3.6,2.7e-06,6.1,3,80,0.1,0.65,0.9810187246516
1e-05,6.1,3.6,2.7e-06,6.1,3,80,0.1,0.7,0.983196176188893
1e-05,6.1,3.6,2.7e-06,6.1,3,80,0.1,0.75,0.985023781232601
1e-05,6.1,3.6,2.7e-06,6.1,3,80,0.1,0.8,0.986568872787739
1e-05,6.1,3.6,2.7e-06,6.1,3,80,0.1,0.85,0.987883551824236
1e-05,6.1,3.6,2.7e-06,6.1,3,80,0.1,0.9,0.98900859875635
1e-05,6.1,3.6,2.7e-06,6.1,3,80,0.1,0.95,NA
1e-05,6.1,3.6,2.7e-06,6.1,3,80,0.1,1,NA
1e-05,6.1,3.6,2.7e-06,6.1,3,80,0.15,0,0.506739335785695
1e-05,6.1,3.6,2.7e-06,6.1,3,80,0.15,0.05,0.68903829866295
1e-05,6.1,3.6,2.7e-06,6.1,3,80,0.15,0.1,0.78793273668239
1e-05,6.1,3.6,2.7e-06,6.1,3,80,0.15,0.15,0.846750078316707
1e-05,6.1,3.6,2.7e-06,6.1,3,80,0.15,0.2,0.88440993776414
1e-05,6.1,3.6,2.7e-06,6.1,3,80,0.15,0.25,0.909919072861812
1e-05,6.1,3.6,2.7e-06,6.1,3,80,0.15,0.3,0.92797094611568
1e-05,6.1,3.6,2.7e-06,6.1,3,80,0.15,0.35,0.941205440535545
1e-05,6.1,3.6,2.7e-06,6.1,3,80,0.15,0.4,0.951194225577338
1e-05,6.1,3.6,2.7e-06,6.1,3,80,0.15,0.45,0.958915278263129
1e-05,6.1,3.6,2.7e-06,6.1,3,80,0.15,0.5,0.96500129792999
1e-05,6.1,3.6,2.7e-06,6.1,3,80,0.15,0.55,0.969876554801654
1e-05,6.1,3.6,2.7e-06,6.1,3,80,0.15,0.6,0.973834962862082
1e-05,6.1,3.6,2.7e-06,6.1,3,80,0.15,0.65,0.977085979360933
1e-05,6.1,3.6,2.7e-06,6.1,3,80,0.15,0.7,0.979782554553073
1e-05,6.1,3.6,2.7e-06,6.1,3,80,0.15,0.75,0.982038672648467
1e-05,6.1,3.6,2.7e-06,6.1,3,80,0.15,0.8,0.983940729234716
1e-05,6.1,3.6,2.7e-06,6.1,3,80,0.15,0.85,0.985555170955906
1e-05,6.1,3.6,2.7e-06,6.1,3,80,0.15,0.9,NA
1e-05,6.1,3.6,2.7e-06,6.1,3,80,0.15,0.95,NA
1e-05,6.1,3.6,2.7e-06,6.1,3,80,0.15,1,NA
1e-05,6.1,3.6,2.7e-06,6.1,3,80,0.2,0,0.319966637661422
1e-05,6.1,3.6,2.7e-06,6.1,3,80,0.2,0.05,0.579543448620207
1e-05,6.1,3.6,2.7e-06,6.1,3,80,0.2,0.1,0.719386132011176
1e-05,6.1,3.6,2.7e-06,6.1,3,80,0.2,0.15,0.800997725472006
1e-05,6.1,3.6,2.7e-06,6.1,3,80,0.2,0.2,0.852194382720486
1e-05,6.1,3.6,2.7e-06,6.1,3,80,0.2,0.25,0.886231439927989
1e-05,6.1,3.6,2.7e-06,6.1,3,80,0.2,0.3,0.909936657867698
1e-05,6.1,3.6,2.7e-06,6.1,3,80,0.2,0.35,0.927086062249993
1e-05,6.1,3.6,2.7e-06,6.1,3,80,0.2,0.4,0.939887670419927
1e-05,6.1,3.6,2.7e-06,6.1,3,80,0.2,0.45,0.949692676890078
1e-05,6.1,3.6,2.7e-06,6.1,3,80,0.2,0.5,0.957362365302833
1e-05,6.1,3.6,2.7e-06,6.1,3,80,0.2,0.55,0.963466769397253
1e-05,6.1,3.6,2.7e-06,6.1,3,80,0.2,0.6,0.968396177938404
1e-05,6.1,3.6,2.7e-06,6.1,3,80,0.2,0.65,0.972425841222176
1e-05,6.1,3.6,2.7e-06,6.1,3,80,0.2,0.7,0.975754881276763
1e-05,6.1,3.6,2.7e-06,6.1,3,80,0.2,0.75,0.978530465286904
1e-05,6.1,3.6,2.7e-06,6.1,3,80,0.2,0.8,0.980863331291023
1e-05,6.1,3.6,2.7e-06,6.1,3,80,0.2,0.85,NA
1e-05,6.1,3.6,2.7e-06,6.1,3,80,0.2,0.9,NA
1e-05,6.1,3.6,2.7e-06,6.1,3,80,0.2,0.95,NA
1e-05,6.1,3.6,2.7e-06,6.1,3,80,0.2,1,NA
1e-05,6.1,3.6,2.7e-06,6.1,3,80,0.25,0,0.0850085595168476
1e-05,6.1,3.6,2.7e-06,6.1,3,80,0.25,0.05,0.436083109919027
1e-05,6.1,3.6,2.7e-06,6.1,3,80,0.25,0.1,0.629834715036971
1e-05,6.1,3.6,2.7e-06,6.1,3,80,0.25,0.15,0.741924569007226
1e-05,6.1,3.6,2.7e-06,6.1,3,80,0.25,0.2,0.811162628902605
1e-05,6.1,3.6,2.7e-06,6.1,3,80,0.25,0.25,0.856453326787676
1e-05,6.1,3.6,2.7e-06,6.1,3,80,0.25,0.3,0.887530707649896
1e-05,6.1,3.6,2.7e-06,6.1,3,80,0.25,0.35,0.909724260451114
1e-05,6.1,3.6,2.7e-06,6.1,3,80,0.25,0.4,0.926108876815929
1e-05,6.1,3.6,2.7e-06,6.1,3,80,0.25,0.45,0.938540796455266
1e-05,6.1,3.6,2.7e-06,6.1,3,80,0.25,0.5,0.948188081923982
1e-05,6.1,3.6,2.7e-06,6.1,3,80,0.25,0.55,0.955814636961624
1e-05,6.1,3.6,2.7e-06,6.1,3,80,0.25,0.6,0.961937699792554
1e-05,6.1,3.6,2.7e-06,6.1,3,80,0.25,0.65,0.966918376238772
1e-05,6.1,3.6,2.7e-06,6.1,3,80,0.25,0.7,0.971015482782544
1e-05,6.1,3.6,2.7e-06,6.1,3,80,0.25,0.75,0.974418710287506
1e-05,6.1,3.6,2.7e-06,6.1,3,80,0.25,0.8,NA
1e-05,6.1,3.6,2.7e-06,6.1,3,80,0.25,0.85,NA
1e-05,6.1,3.6,2.7e-06,6.1,3,80,0.25,0.9,NA
1e-05,6.1,3.6,2.7e-06,6.1,3,80,0.25,0.95,NA
1e-05,6.1,3.6,2.7e-06,6.1,3,80,0.25,1,NA
1e-05,6.1,3.6,2.7e-06,6.1,3,80,0.3,0,-0.051363833385241
1e-05,6.1,3.6,2.7e-06,6.1,3,80,0.3,0.05,0.254374711184587
1e-05,6.1,3.6,2.7e-06,6.1,3,80,0.3,0.1,0.515063323645389
1e-05,6.1,3.6,2.7e-06,6.1,3,80,0.3,0.15,0.666525271919215
1e-05,6.1,3.6,2.7e-06,6.1,3,80,0.3,0.2,0.759288937282204
1e-05,6.1,3.6,2.7e-06,6.1,3,80,0.3,0.25,0.819213918150141
1e-05,6.1,3.6,2.7e-06,6.1,3,80,0.3,0.3,0.859805431181515
1e-05,6.1,3.6,2.7e-06,6.1,3,80,0.3,0.35,0.888447754105841
1e-05,6.1,3.6,2.7e-06,6.1,3,80,0.3,0.4,0.909368541540421
1e-05,6.1,3.6,2.7e-06,6.1,3,80,0.3,0.45,0.925094936555472
1e-05,6.1,3.6,2.7e-06,6.1,3,80,0.3,0.5,0.937200766680567
1e-05,6.1,3.6,2.7e-06,6.1,3,80,0.3,0.55,0.94670469430851
1e-05,6.1,3.6,2.7e-06,6.1,3,80,0.3,0.6,0.954289538324572
1e-05,6.1,3.6,2.7e-06,6.1,3,80,0.3,0.65,0.960427484245364
1e-05,6.1,3.6,2.7e-06,6.1,3,80,0.3,0.7,0.965453968271265
1e-05,6.1,3.6,2.7e-06,6.1,3,80,0.3,0.75,NA
1e-05,6.1,3.6,2.7e-06,6.1,3,80,0.3,0.8,NA
1e-05,6.1,3.6,2.7e-06,6.1,3,80,0.3,0.85,NA
1e-05,6.1,3.6,2.7e-06,6.1,3,80,0.3,0.9,NA
1e-05,6.1,3.6,2.7e-06,6.1,3,80,0.3,0.95,NA
1e-05,6.1,3.6,2.7e-06,6.1,3,80,0.3,1,NA
1e-05,6.1,3.6,2.7e-06,6.1,3,80,0.35,0,-0.131884317253128
1e-05,6.1,3.6,2.7e-06,6.1,3,80,0.35,0.05,0.053278780228119
1e-05,6.1,3.6,2.7e-06,6.1,3,80,0.35,0.1,0.371578403767171
1e-05,6.1,3.6,2.7e-06,6.1,3,80,0.35,0.15,0.571753426756687
1e-05,6.1,3.6,2.7e-06,6.1,3,80,0.35,0.2,0.694366303423292
1e-05,6.1,3.6,2.7e-06,6.1,3,80,0.35,0.25,0.772973232938811
1e-05,6.1,3.6,2.7e-06,6.1,3,80,0.35,0.3,0.825682091047771
1e-05,6.1,3.6,2.7e-06,6.1,3,80,0.35,0.35,0.862487530615607
1e-05,6.1,3.6,2.7e-06,6.1,3,80,0.35,0.4,0.889106582123609
1e-05,6.1,3.6,2.7e-06,6.1,3,80,0.35,0.45,0.908938295482793
1e-05,6.1,3.6,2.7e-06,6.1,3,80,0.35,0.5,0.924083917122853
1e-05,6.1,3.6,2.7e-06,6.1,3,80,0.35,0.55,0.935892145368594
1e-05,6.1,3.6,2.7e-06,6.1,3,80,0.35,0.6,0.945259220020045
1e-05,6.1,3.6,2.7e-06,6.1,3,80,0.35,0.65,0.952799601923643
1e-05,6.1,3.6,2.7e-06,6.1,3,80,0.35,0.7,NA
1e-05,6.1,3.6,2.7e-06,6.1,3,80,0.35,0.75,NA
1e-05,6.1,3.6,2.7e-06,6.1,3,80,0.35,0.8,NA
1e-05,6.1,3.6,2.7e-06,6.1,3,80,0.35,0.85,NA
1e-05,6.1,3.6,2.7e-06,6.1,3,80,0.35,0.9,NA
1e-05,6.1,3.6,2.7e-06,6.1,3,80,0.35,0.95,NA
1e-05,6.1,3.6,2.7e-06,6.1,3,80,0.35,1,NA
1e-05,6.1,3.6,2.7e-06,6.1,3,80,0.4,0,-0.216326624445959
1e-05,6.1,3.6,2.7e-06,6.1,3,80,0.4,0.05,-0.0554739362727718
1e-05,6.1,3.6,2.7e-06,6.1,3,80,0.4,0.1,0.197531477144884
1e-05,6.1,3.6,2.7e-06,6.1,3,80,0.4,0.15,0.454889438760696
1e-05,6.1,3.6,2.7e-06,6.1,3,80,0.4,0.2,0.614138592995793
1e-05,6.1,3.6,2.7e-06,6.1,3,80,0.4,0.25,0.716067443136499
1e-05,6.1,3.6,2.7e-06,6.1,3,80,0.4,0.3,0.783964939749119
1e-05,6.1,3.6,2.7e-06,6.1,3,80,0.4,0.35,0.830980839955677
1e-05,6.1,3.6,2.7e-06,6.1,3,80,0.4,0.4,0.864691366649559
1e-05,6.1,3.6,2.7e-06,6.1,3,80,0.4,0.45,0.889600116323875
1e-05,6.1,3.6,2.7e-06,6.1,3,80,0.4,0.5,0.908480238197856
1e-05,6.1,3.6,2.7e-06,6.1,3,80,0.4,0.55,0.923101101063615
1e-05,6.1,3.6,2.7e-06,6.1,3,80,0.4,0.6,0.934630312512901
1e-05,6.1,3.6,2.7e-06,6.1,3,80,0.4,0.65,NA
1e-05,6.1,3.6,2.7e-06,6.1,3,80,0.4,0.7,NA
1e-05,6.1,3.6,2.7e-06,6.1,3,80,0.4,0.75,NA
1e-05,6.1,3.6,2.7e-06,6.1,3,80,0.4,0.8,NA
1e-05,6.1,3.6,2.7e-06,6.1,3,80,0.4,0.85,NA
1e-05,6.1,3.6,2.7e-06,6.1,3,80,0.4,0.9,NA
1e-05,6.1,3.6,2.7e-06,6.1,3,80,0.4,0.95,NA
1e-05,6.1,3.6,2.7e-06,6.1,3,80,0.4,1,NA
1e-05,6.1,3.6,2.7e-06,6.1,3,80,0.45,0,-0.299568211075322
1e-05,6.1,3.6,2.7e-06,6.1,3,80,0.45,0.05,-0.125745028620762
1e-05,6.1,3.6,2.7e-06,6.1,3,80,0.45,0.1,0.033941181171589
1e-05,6.1,3.6,2.7e-06,6.1,3,80,0.45,0.15,0.31403328935293
1e-05,6.1,3.6,2.7e-06,6.1,3,80,0.45,0.2,0.516506197239899
1e-05,6.1,3.6,2.7e-06,6.1,3,80,0.45,0.25,0.646789237791166
1e-05,6.1,3.6,2.7e-06,6.1,3,80,0.45,0.3,0.7333715678132
1e-05,6.1,3.6,2.7e-06,6.1,3,80,0.45,0.35,0.792981839239649
1e-05,6.1,3.6,2.7e-06,6.1,3,80,0.45,0.4,0.835422672728031
1e-05,6.1,3.6,2.7e-06,6.1,3,80,0.45,0.45,0.86655572468534
1e-05,6.1,3.6,2.7e-06,6.1,3,80,0.45,0.5,0.889990686913057
1e-05,6.1,3.6,2.7e-06,6.1,3,80,0.45,0.55,0.908023367486454
1e-05,6.1,3.6,2.7e-06,6.1,3,80,0.45,0.6,NA
1e-05,6.1,3.6,2.7e-06,6.1,3,80,0.45,0.65,NA
1e-05,6.1,3.6,2.7e-06,6.1,3,80,0.45,0.7,NA
1e-05,6.1,3.6,2.7e-06,6.1,3,80,0.45,0.75,NA
1e-05,6.1,3.6,2.7e-06,6.1,3,80,0.45,0.8,NA
1e-05,6.1,3.6,2.7e-06,6.1,3,80,0.45,0.85,NA
1e-05,6.1,3.6,2.7e-06,6.1,3,80,0.45,0.9,NA
1e-05,6.1,3.6,2.7e-06,6.1,3,80,0.45,0.95,NA
1e-05,6.1,3.6,2.7e-06,6.1,3,80,0.45,1,NA
1e-05,6.1,3.6,2.7e-06,6.1,3,80,0.5,0,-0.377585939235062
1e-05,6.1,3.6,2.7e-06,6.1,3,80,0.5,0.05,-0.199213017581838
1e-05,6.1,3.6,2.7e-06,6.1,3,80,0.5,0.1,-0.0590653578397159
1e-05,6.1,3.6,2.7e-06,6.1,3,80,0.5,0.15,0.148648706929801
1e-05,6.1,3.6,2.7e-06,6.1,3,80,0.5,0.2,0.399802665243625
1e-05,6.1,3.6,2.7e-06,6.1,3,80,0.5,0.25,0.563509183181605
1e-05,6.1,3.6,2.7e-06,6.1,3,80,0.5,0.3,0.672583886320983
1e-05,6.1,3.6,2.7e-06,6.1,3,80,0.5,0.35,0.747482454442256
1e-05,6.1,3.6,2.7e-06,6.1,3,80,0.5,0.4,0.800539799475548
1e-05,6.1,3.6,2.7e-06,6.1,3,80,0.5,0.45,0.839229222547361
1e-05,6.1,3.6,2.7e-06,6.1,3,80,0.5,0.5,0.868174887968836
1e-05,6.1,3.6,2.7e-06,6.1,3,80,0.5,0.55,NA
1e-05,6.1,3.6,2.7e-06,6.1,3,80,0.5,0.6,NA
1e-05,6.1,3.6,2.7e-06,6.1,3,80,0.5,0.65,NA
1e-05,6.1,3.6,2.7e-06,6.1,3,80,0.5,0.7,NA
1e-05,6.1,3.6,2.7e-06,6.1,3,80,0.5,0.75,NA
1e-05,6.1,3.6,2.7e-06,6.1,3,80,0.5,0.8,NA
1e-05,6.1,3.6,2.7e-06,6.1,3,80,0.5,0.85,NA
1e-05,6.1,3.6,2.7e-06,6.1,3,80,0.5,0.9,NA
1e-05,6.1,3.6,2.7e-06,6.1,3,80,0.5,0.95,NA
1e-05,6.1,3.6,2.7e-06,6.1,3,80,0.5,1,NA
1e-05,6.1,3.6,2.7e-06,6.1,3,80,0.55,0,-0.448029543194181
1e-05,6.1,3.6,2.7e-06,6.1,3,80,0.55,0.05,-0.2725262290464
1e-05,6.1,3.6,2.7e-06,6.1,3,80,0.55,0.1,-0.121348577830264
1e-05,6.1,3.6,2.7e-06,6.1,3,80,0.55,0.15,0.0174417504330653
1e-05,6.1,3.6,2.7e-06,6.1,3,80,0.55,0.2,0.263116136967867
1e-05,6.1,3.6,2.7e-06,6.1,3,80,0.55,0.25,0.464838443157084
1e-05,6.1,3.6,2.7e-06,6.1,3,80,0.55,0.3,0.600323094237666
1e-05,6.1,3.6,2.7e-06,6.1,3,80,0.55,0.35,0.693445902303134
1e-05,6.1,3.6,2.7e-06,6.1,3,80,0.55,0.4,0.759236256915713
1e-05,6.1,3.6,2.7e-06,6.1,3,80,0.55,0.45,0.806999669431224
1e-05,6.1,3.6,2.7e-06,6.1,3,80,0.55,0.5,NA
1e-05,6.1,3.6,2.7e-06,6.1,3,80,0.55,0.55,NA
1e-05,6.1,3.6,2.7e-06,6.1,3,80,0.55,0.6,NA
1e-05,6.1,3.6,2.7e-06,6.1,3,80,0.55,0.65,NA
1e-05,6.1,3.6,2.7e-06,6.1,3,80,0.55,0.7,NA
1e-05,6.1,3.6,2.7e-06,6.1,3,80,0.55,0.75,NA
1e-05,6.1,3.6,2.7e-06,6.1,3,80,0.55,0.8,NA
1e-05,6.1,3.6,2.7e-06,6.1,3,80,0.55,0.85,NA
1e-05,6.1,3.6,2.7e-06,6.1,3,80,0.55,0.9,NA
1e-05,6.1,3.6,2.7e-06,6.1,3,80,0.55,0.95,NA
1e-05,6.1,3.6,2.7e-06,6.1,3,80,0.55,1,NA
1e-05,6.1,3.6,2.7e-06,6.1,3,80,0.6,0,-0.510065539239796
1e-05,6.1,3.6,2.7e-06,6.1,3,80,0.6,0.05,-0.342837162933238
1e-05,6.1,3.6,2.7e-06,6.1,3,80,0.6,0.1,-0.186255403386392
1e-05,6.1,3.6,2.7e-06,6.1,3,80,0.6,0.15,-0.06214455928784
1e-05,6.1,3.6,2.7e-06,6.1,3,80,0.6,0.2,0.112985854723586
1e-05,6.1,3.6,2.7e-06,6.1,3,80,0.6,0.25,0.349822555271617
1e-05,6.1,3.6,2.7e-06,6.1,3,80,0.6,0.3,0.515449375424394
1e-05,6.1,3.6,2.7e-06,6.1,3,80,0.6,0.35,0.629854856740436
1e-05,6.1,3.6,2.7e-06,6.1,3,80,0.6,0.4,0.710682486993105
1e-05,6.1,3.6,2.7e-06,6.1,3,80,0.6,0.45,NA
1e-05,6.1,3.6,2.7e-06,6.1,3,80,0.6,0.5,NA
1e-05,6.1,3.6,2.7e-06,6.1,3,80,0.6,0.55,NA
1e-05,6.1,3.6,2.7e-06,6.1,3,80,0.6,0.6,NA
1e-05,6.1,3.6,2.7e-06,6.1,3,80,0.6,0.65,NA
1e-05,6.1,3.6,2.7e-06,6.1,3,80,0.6,0.7,NA
1e-05,6.1,3.6,2.7e-06,6.1,3,80,0.6,0.75,NA
1e-05,6.1,3.6,2.7e-06,6.1,3,80,0.6,0.8,NA
1e-05,6.1,3.6,2.7e-06,6.1,3,80,0.6,0.85,NA
1e-05,6.1,3.6,2.7e-06,6.1,3,80,0.6,0.9,NA
1e-05,6.1,3.6,2.7e-06,6.1,3,80,0.6,0.95,NA
1e-05,6.1,3.6,2.7e-06,6.1,3,80,0.6,1,NA
1e-05,6.1,3.6,2.7e-06,6.1,3,80,0.65,0,-0.56388887705766
1e-05,6.1,3.6,2.7e-06,6.1,3,80,0.65,0.05,-0.408177258910515
1e-05,6.1,3.6,2.7e-06,6.1,3,80,0.65,0.1,-0.25148490383293
1e-05,6.1,3.6,2.7e-06,6.1,3,80,0.65,0.15,-0.11801646811759
1e-05,6.1,3.6,2.7e-06,6.1,3,80,0.65,0.2,0.00802100845672705
1e-05,6.1,3.6,2.7e-06,6.1,3,80,0.65,0.25,0.218142113268732
1e-05,6.1,3.6,2.7e-06,6.1,3,80,0.65,0.3,0.417082151893205
1e-05,6.1,3.6,2.7e-06,6.1,3,80,0.65,0.35,0.555774900428646
1e-05,6.1,3.6,2.7e-06,6.1,3,80,0.65,0.4,NA
1e-05,6.1,3.6,2.7e-06,6.1,3,80,0.65,0.45,NA
1e-05,6.1,3.6,2.7e-06,6.1,3,80,0.65,0.5,NA
1e-05,6.1,3.6,2.7e-06,6.1,3,80,0.65,0.55,NA
1e-05,6.1,3.6,2.7e-06,6.1,3,80,0.65,0.6,NA
1e-05,6.1,3.6,2.7e-06,6.1,3,80,0.65,0.65,NA
1e-05,6.1,3.6,2.7e-06,6.1,3,80,0.65,0.7,NA
1e-05,6.1,3.6,2.7e-06,6.1,3,80,0.65,0.75,NA
1e-05,6.1,3.6,2.7e-06,6.1,3,80,0.65,0.8,NA
1e-05,6.1,3.6,2.7e-06,6.1,3,80,0.65,0.85,NA
1e-05,6.1,3.6,2.7e-06,6.1,3,80,0.65,0.9,NA
1e-05,6.1,3.6,2.7e-06,6.1,3,80,0.65,0.95,NA
1e-05,6.1,3.6,2.7e-06,6.1,3,80,0.65,1,NA
1e-05,6.1,3.6,2.7e-06,6.1,3,80,0.7,0,-0.610239381693237
1e-05,6.1,3.6,2.7e-06,6.1,3,80,0.7,0.05,-0.467495597816234
1e-05,6.1,3.6,2.7e-06,6.1,3,80,0.7,0.1,-0.314981600131323
1e-05,6.1,3.6,2.7e-06,6.1,3,80,0.7,0.15,-0.176050755955606
1e-05,6.1,3.6,2.7e-06,6.1,3,80,0.7,0.2,-0.064725493350366
1e-05,6.1,3.6,2.7e-06,6.1,3,80,0.7,0.25,0.0859601611370132
1e-05,6.1,3.6,2.7e-06,6.1,3,80,0.7,0.3,0.304730181010715
1e-05,6.1,3.6,2.7e-06,6.1,3,80,0.7,0.35,NA
1e-05,6.1,3.6,2.7e-06,6.1,3,80,0.7,0.4,NA
1e-05,6.1,3.6,2.7e-06,6.1,3,80,0.7,0.45,NA
1e-05,6.1,3.6,2.7e-06,6.1,3,80,0.7,0.5,NA
1e-05,6.1,3.6,2.7e-06,6.1,3,80,0.7,0.55,NA
1e-05,6.1,3.6,2.7e-06,6.1,3,80,0.7,0.6,NA
1e-05,6.1,3.6,2.7e-06,6.1,3,80,0.7,0.65,NA
1e-05,6.1,3.6,2.7e-06,6.1,3,80,0.7,0.7,NA
1e-05,6.1,3.6,2.7e-06,6.1,3,80,0.7,0.75,NA
1e-05,6.1,3.6,2.7e-06,6.1,3,80,0.7,0.8,NA
1e-05,6.1,3.6,2.7e-06,6.1,3,80,0.7,0.85,NA
1e-05,6.1,3.6,2.7e-06,6.1,3,80,0.7,0.9,NA
1e-05,6.1,3.6,2.7e-06,6.1,3,80,0.7,0.95,NA
1e-05,6.1,3.6,2.7e-06,6.1,3,80,0.7,1,NA
1e-05,6.1,3.6,2.7e-06,6.1,3,80,0.75,0,-0.650060504957432
1e-05,6.1,3.6,2.7e-06,6.1,3,80,0.75,0.05,-0.520482547160997
1e-05,6.1,3.6,2.7e-06,6.1,3,80,0.75,0.1,-0.375172788842114
1e-05,6.1,3.6,2.7e-06,6.1,3,80,0.75,0.15,-0.234606255227637
1e-05,6.1,3.6,2.7e-06,6.1,3,80,0.75,0.2,-0.115318547931701
1e-05,6.1,3.6,2.7e-06,6.1,3,80,0.75,0.25,-0.000397164628717233
1e-05,6.1,3.6,2.7e-06,6.1,3,80,0.75,0.3,NA
1e-05,6.1,3.6,2.7e-06,6.1,3,80,0.75,0.35,NA
1e-05,6.1,3.6,2.7e-06,6.1,3,80,0.75,0.4,NA
1e-05,6.1,3.6,2.7e-06,6.1,3,80,0.75,0.45,NA
1e-05,6.1,3.6,2.7e-06,6.1,3,80,0.75,0.5,NA
1e-05,6.1,3.6,2.7e-06,6.1,3,80,0.75,0.55,NA
1e-05,6.1,3.6,2.7e-06,6.1,3,80,0.75,0.6,NA
1e-05,6.1,3.6,2.7e-06,6.1,3,80,0.75,0.65,NA
1e-05,6.1,3.6,2.7e-06,6.1,3,80,0.75,0.7,NA
1e-05,6.1,3.6,2.7e-06,6.1,3,80,0.75,0.75,NA
1e-05,6.1,3.6,2.7e-06,6.1,3,80,0.75,0.8,NA
1e-05,6.1,3.6,2.7e-06,6.1,3,80,0.75,0.85,NA
1e-05,6.1,3.6,2.7e-06,6.1,3,80,0.75,0.9,NA
1e-05,6.1,3.6,2.7e-06,6.1,3,80,0.75,0.95,NA
1e-05,6.1,3.6,2.7e-06,6.1,3,80,0.75,1,NA
1e-05,6.1,3.6,2.7e-06,6.1,3,80,0.8,0,-0.684304433224302
1e-05,6.1,3.6,2.7e-06,6.1,3,80,0.8,0.05,-0.567325929935452
1e-05,6.1,3.6,2.7e-06,6.1,3,80,0.8,0.1,-0.431045136342441
1e-05,6.1,3.6,2.7e-06,6.1,3,80,0.8,0.15,-0.292169868692511
1e-05,6.1,3.6,2.7e-06,6.1,3,80,0.8,0.2,-0.167710364201233
1e-05,6.1,3.6,2.7e-06,6.1,3,80,0.8,0.25,NA
1e-05,6.1,3.6,2.7e-06,6.1,3,80,0.8,0.3,NA
1e-05,6.1,3.6,2.7e-06,6.1,3,80,0.8,0.35,NA
1e-05,6.1,3.6,2.7e-06,6.1,3,80,0.8,0.4,NA
1e-05,6.1,3.6,2.7e-06,6.1,3,80,0.8,0.45,NA
1e-05,6.1,3.6,2.7e-06,6.1,3,80,0.8,0.5,NA
1e-05,6.1,3.6,2.7e-06,6.1,3,80,0.8,0.55,NA
1e-05,6.1,3.6,2.7e-06,6.1,3,80,0.8,0.6,NA
1e-05,6.1,3.6,2.7e-06,6.1,3,80,0.8,0.65,NA
1e-05,6.1,3.6,2.7e-06,6.1,3,80,0.8,0.7,NA
1e-05,6.1,3.6,2.7e-06,6.1,3,80,0.8,0.75,NA
1e-05,6.1,3.6,2.7e-06,6.1,3,80,0.8,0.8,NA
1e-05,6.1,3.6,2.7e-06,6.1,3,80,0.8,0.85,NA
1e-05,6.1,3.6,2.7e-06,6.1,3,80,0.8,0.9,NA
1e-05,6.1,3.6,2.7e-06,6.1,3,80,0.8,0.95,NA
1e-05,6.1,3.6,2.7e-06,6.1,3,80,0.8,1,NA
1e-05,6.1,3.6,2.7e-06,6.1,3,80,0.85,0,-0.713840063770662
1e-05,6.1,3.6,2.7e-06,6.1,3,80,0.85,0.05,-0.608493850309338
1e-05,6.1,3.6,2.7e-06,6.1,3,80,0.85,0.1,-0.482095052739079
1e-05,6.1,3.6,2.7e-06,6.1,3,80,0.85,0.15,-0.347507182973946
1e-05,6.1,3.6,2.7e-06,6.1,3,80,0.85,0.2,NA
1e-05,6.1,3.6,2.7e-06,6.1,3,80,0.85,0.25,NA
1e-05,6.1,3.6,2.7e-06,6.1,3,80,0.85,0.3,NA
1e-05,6.1,3.6,2.7e-06,6.1,3,80,0.85,0.35,NA
1e-05,6.1,3.6,2.7e-06,6.1,3,80,0.85,0.4,NA
1e-05,6.1,3.6,2.7e-06,6.1,3,80,0.85,0.45,NA
1e-05,6.1,3.6,2.7e-06,6.1,3,80,0.85,0.5,NA
1e-05,6.1,3.6,2.7e-06,6.1,3,80,0.85,0.55,NA
1e-05,6.1,3.6,2.7e-06,6.1,3,80,0.85,0.6,NA
1e-05,6.1,3.6,2.7e-06,6.1,3,80,0.85,0.65,NA
1e-05,6.1,3.6,2.7e-06,6.1,3,80,0.85,0.7,NA
1e-05,6.1,3.6,2.7e-06,6.1,3,80,0.85,0.75,NA
1e-05,6.1,3.6,2.7e-06,6.1,3,80,0.85,0.8,NA
1e-05,6.1,3.6,2.7e-06,6.1,3,80,0.85,0.85,NA
1e-05,6.1,3.6,2.7e-06,6.1,3,80,0.85,0.9,NA
1e-05,6.1,3.6,2.7e-06,6.1,3,80,0.85,0.95,NA
1e-05,6.1,3.6,2.7e-06,6.1,3,80,0.85,1,NA
1e-05,6.1,3.6,2.7e-06,6.1,3,80,0.9,0,-0.739420929388713
1e-05,6.1,3.6,2.7e-06,6.1,3,80,0.9,0.05,-0.644578202260121
1e-05,6.1,3.6,2.7e-06,6.1,3,80,0.9,0.1,-0.528214594938001
1e-05,6.1,3.6,2.7e-06,6.1,3,80,0.9,0.15,NA
1e-05,6.1,3.6,2.7e-06,6.1,3,80,0.9,0.2,NA
1e-05,6.1,3.6,2.7e-06,6.1,3,80,0.9,0.25,NA
1e-05,6.1,3.6,2.7e-06,6.1,3,80,0.9,0.3,NA
1e-05,6.1,3.6,2.7e-06,6.1,3,80,0.9,0.35,NA
1e-05,6.1,3.6,2.7e-06,6.1,3,80,0.9,0.4,NA
1e-05,6.1,3.6,2.7e-06,6.1,3,80,0.9,0.45,NA
1e-05,6.1,3.6,2.7e-06,6.1,3,80,0.9,0.5,NA
1e-05,6.1,3.6,2.7e-06,6.1,3,80,0.9,0.55,NA
1e-05,6.1,3.6,2.7e-06,6.1,3,80,0.9,0.6,NA
1e-05,6.1,3.6,2.7e-06,6.1,3,80,0.9,0.65,NA
1e-05,6.1,3.6,2.7e-06,6.1,3,80,0.9,0.7,NA
1e-05,6.1,3.6,2.7e-06,6.1,3,80,0.9,0.75,NA
1e-05,6.1,3.6,2.7e-06,6.1,3,80,0.9,0.8,NA
1e-05,6.1,3.6,2.7e-06,6.1,3,80,0.9,0.85,NA
1e-05,6.1,3.6,2.7e-06,6.1,3,80,0.9,0.9,NA
1e-05,6.1,3.6,2.7e-06,6.1,3,80,0.9,0.95,NA
1e-05,6.1,3.6,2.7e-06,6.1,3,80,0.9,1,NA
1e-05,6.1,3.6,2.7e-06,6.1,3,80,0.95,0,-0.761683592485947
1e-05,6.1,3.6,2.7e-06,6.1,3,80,0.95,0.05,-0.676196795969364
1e-05,6.1,3.6,2.7e-06,6.1,3,80,0.95,0.1,NA
1e-05,6.1,3.6,2.7e-06,6.1,3,80,0.95,0.15,NA
1e-05,6.1,3.6,2.7e-06,6.1,3,80,0.95,0.2,NA
1e-05,6.1,3.6,2.7e-06,6.1,3,80,0.95,0.25,NA
1e-05,6.1,3.6,2.7e-06,6.1,3,80,0.95,0.3,NA
1e-05,6.1,3.6,2.7e-06,6.1,3,80,0.95,0.35,NA
1e-05,6.1,3.6,2.7e-06,6.1,3,80,0.95,0.4,NA
1e-05,6.1,3.6,2.7e-06,6.1,3,80,0.95,0.45,NA
1e-05,6.1,3.6,2.7e-06,6.1,3,80,0.95,0.5,NA
1e-05,6.1,3.6,2.7e-06,6.1,3,80,0.95,0.55,NA
1e-05,6.1,3.6,2.7e-06,6.1,3,80,0.95,0.6,NA
1e-05,6.1,3.6,2.7e-06,6.1,3,80,0.95,0.65,NA
1e-05,6.1,3.6,2.7e-06,6.1,3,80,0.95,0.7,NA
1e-05,6.1,3.6,2.7e-06,6.1,3,80,0.95,0.75,NA
1e-05,6.1,3.6,2.7e-06,6.1,3,80,0.95,0.8,NA
1e-05,6.1,3.6,2.7e-06,6.1,3,80,0.95,0.85,NA
1e-05,6.1,3.6,2.7e-06,6.1,3,80,0.95,0.9,NA
1e-05,6.1,3.6,2.7e-06,6.1,3,80,0.95,0.95,NA
1e-05,6.1,3.6,2.7e-06,6.1,3,80,0.95,1,NA
1e-05,6.1,3.6,2.7e-06,6.1,3,80,1,0,-0.781158656516508
1e-05,6.1,3.6,2.7e-06,6.1,3,80,1,0.05,NA
1e-05,6.1,3.6,2.7e-06,6.1,3,80,1,0.1,NA
1e-05,6.1,3.6,2.7e-06,6.1,3,80,1,0.15,NA
1e-05,6.1,3.6,2.7e-06,6.1,3,80,1,0.2,NA
1e-05,6.1,3.6,2.7e-06,6.1,3,80,1,0.25,NA
1e-05,6.1,3.6,2.7e-06,6.1,3,80,1,0.3,NA
1e-05,6.1,3.6,2.7e-06,6.1,3,80,1,0.35,NA
1e-05,6.1,3.6,2.7e-06,6.1,3,80,1,0.4,NA
1e-05,6.1,3.6,2.7e-06,6.1,3,80,1,0.45,NA
1e-05,6.1,3.6,2.7e-06,6.1,3,80,1,0.5,NA
1e-05,6.1,3.6,2.7e-06,6.1,3,80,1,0.55,NA
1e-05,6.1,3.6,2.7e-06,6.1,3,80,1,0.6,NA
1e-05,6.1,3.6,2.7e-06,6.1,3,80,1,0.65,NA
1e-05,6.1,3.6,2.7e-06,6.1,3,80,1,0.7,NA
1e-05,6.1,3.6,2.7e-06,6.1,3,80,1,0.75,NA
1e-05,6.1,3.6,2.7e-06,6.1,3,80,1,0.8,NA
1e-05,6.1,3.6,2.7e-06,6.1,3,80,1,0.85,NA
1e-05,6.1,3.6,2.7e-06,6.1,3,80,1,0.9,NA
1e-05,6.1,3.6,2.7e-06,6.1,3,80,1,0.95,NA
1e-05,6.1,3.6,2.7e-06,6.1,3,80,1,1,NA
