betaK,deltaK,cK,betaE,deltaE,cE,percK,fX1,fX3,riskscore
1e-05,6.1,3,2.7e-06,6.1,2.4,80,0,0,0.816352218678372
1e-05,6.1,3,2.7e-06,6.1,2.4,80,0,0.05,0.873539942774758
1e-05,6.1,3,2.7e-06,6.1,2.4,80,0,0.1,0.907492609751741
1e-05,6.1,3,2.7e-06,6.1,2.4,80,0,0.15,0.929440675593712
1e-05,6.1,3,2.7e-06,6.1,2.4,80,0,0.2,0.944513426565319
1e-05,6.1,3,2.7e-06,6.1,2.4,80,0,0.25,0.955325714798486
1e-05,6.1,3,2.7e-06,6.1,2.4,80,0,0.3,0.963337601458672
1e-05,6.1,3,2.7e-06,6.1,2.4,80,0,0.35,0.969429203286005
1e-05,6.1,3,2.7e-06,6.1,2.4,80,0,0.4,0.974161584351376
1e-05,6.1,3,2.7e-06,6.1,2.4,80,0,0.45,0.97790589986078
1e-05,6.1,3,2.7e-06,6.1,2.4,80,0,0.5,0.980914674570735
1e-05,6.1,3,2.7e-06,6.1,2.4,80,0,0.55,0.98336423657147
1e-05,6.1,3,2.7e-06,6.1,2.4,80,0,0.6,0.985380814972541
1e-05,6.1,3,2.7e-06,6.1,2.4,80,0,0.65,0.987056910675816
1e-05,6.1,3,2.7e-06,6.1,2.4,80,0,0.7,0.988461696101478
1e-05,6.1,3,2.7e-06,6.1,2.4,80,0,0.75,0.989647820096108
1e-05,6.1,3,2.7e-06,6.1,2.4,80,0,0.8,0.99065594987947
1e-05,6.1,3,2.7e-06,6.1,2.4,80,0,0.85,0.991517886024794
1e-05,6.1,3,2.7e-06,6.1,2.4,80,0,0.9,0.992258759182171
1e-05,6.1,3,2.7e-06,6.1,2.4,80,0,0.95,0.992898610371431
1e-05,6.1,3,2.7e-06,6.1,2.4,80,0,1,0.9934535545602
1e-05,6.1,3,2.7e-06,6.1,2.4,80,0.05,0,0.739276623918867
1e-05,6.1,3,2.7e-06,6.1,2.4,80,0.05,0.05,0.826186980107592
1e-05,6.1,3,2.7e-06,6.1,2.4,80,0.05,0.1,0.875809955001282
1e-05,6.1,3,2.7e-06,6.1,2.4,80,0.05,0.15,0.90690533742036
1e-05,6.1,3,2.7e-06,6.1,2.4,80,0.05,0.2,0.927748814043973
1e-05,6.1,3,2.7e-06,6.1,2.4,80,0.05,0.25,0.942418097515228
1e-05,6.1,3,2.7e-06,6.1,2.4,80,0.05,0.3,0.95312535220804
1e-05,6.1,3,2.7e-06,6.1,2.4,80,0.05,0.35,0.961170621528896
1e-05,6.1,3,2.7e-06,6.1,2.4,80,0.05,0.4,0.967363094720964
1e-05,6.1,3,2.7e-06,6.1,2.4,80,0.05,0.45,0.972226727749632
1e-05,6.1,3,2.7e-06,6.1,2.4,80,0.05,0.5,0.976111704379577
1e-05,6.1,3,2.7e-06,6.1,2.4,80,0.05,0.55,0.979259078360049
1e-05,6.1,3,2.7e-06,6.1,2.4,80,0.05,0.6,0.981839446433246
1e-05,6.1,3,2.7e-06,6.1,2.4,80,0.05,0.65,0.983976638959779
1e-05,6.1,3,2.7e-06,6.1,2.4,80,0.05,0.7,0.985762520194418
1e-05,6.1,3,2.7e-06,6.1,2.4,80,0.05,0.75,0.987266530463766
1e-05,6.1,3,2.7e-06,6.1,2.4,80,0.05,0.8,0.988541986307803
1e-05,6.1,3,2.7e-06,6.1,2.4,80,0.05,0.85,0.989630357093314
1e-05,6.1,3,2.7e-06,6.1,2.4,80,0.05,0.9,0.99056426793236
1e-05,6.1,3,2.7e-06,6.1,2.4,80,0.05,0.95,0.99136963146687
1e-05,6.1,3,2.7e-06,6.1,2.4,80,0.05,1,NA
1e-05,6.1,3,2.7e-06,6.1,2.4,80,0.1,0,0.628532902576837
1e-05,6.1,3,2.7e-06,6.1,2.4,80,0.1,0.05,0.760047974637193
1e-05,6.1,3,2.7e-06,6.1,2.4,80,0.1,0.1,0.83275504234734
1e-05,6.1,3,2.7e-06,6.1,2.4,80,0.1,0.15,0.876987301168656
1e-05,6.1,3,2.7e-06,6.1,2.4,80,0.1,0.2,0.905912108904182
1e-05,6.1,3,2.7e-06,6.1,2.4,80,0.1,0.25,0.925861877638015
1e-05,6.1,3,2.7e-06,6.1,2.4,80,0.1,0.3,0.940188968823745
1e-05,6.1,3,2.7e-06,6.1,2.4,80,0.1,0.35,0.950816341396246
1e-05,6.1,3,2.7e-06,6.1,2.4,80,0.1,0.4,0.958912970841093
1e-05,6.1,3,2.7e-06,6.1,2.4,80,0.1,0.45,0.965219968716917
1e-05,6.1,3,2.7e-06,6.1,2.4,80,0.1,0.5,0.970224013930951
1e-05,6.1,3,2.7e-06,6.1,2.4,80,0.1,0.55,0.974255318076257
1e-05,6.1,3,2.7e-06,6.1,2.4,80,0.1,0.6,0.97754480997433
1e-05,6.1,3,2.7e-06,6.1,2.4,80,0.1,0.65,0.980258412052724
1e-05,6.1,3,2.7e-06,6.1,2.4,80,0.1,0.7,0.982518151927881
1e-05,6.1,3,2.7e-06,6.1,2.4,80,0.1,0.75,0.984415566343956
1e-05,6.1,3,2.7e-06,6.1,2.4,80,0.1,0.8,0.986020468531876
1e-05,6.1,3,2.7e-06,6.1,2.4,80,0.1,0.85,0.987386843406129
1e-05,6.1,3,2.7e-06,6.1,2.4,80,0.1,0.9,0.988556944624731
1e-05,6.1,3,2.7e-06,6.1,2.4,80,0.1,0.95,NA
1e-05,6.1,3,2.7e-06,6.1,2.4,80,0.1,1,NA
1e-05,6.1,3,2.7e-06,6.1,2.4,80,0.15,0,0.47380106076841
1e-05,6.1,3,2.7e-06,6.1,2.4,80,0.15,0.05,0.668783515520607
1e-05,6.1,3,2.7e-06,6.1,2.4,80,0.15,0.1,0.774559496289045
1e-05,6.1,3,2.7e-06,6.1,2.4,80,0.15,0.15,0.837366900487706
1e-05,6.1,3,2.7e-06,6.1,2.4,80,0.15,0.2,0.877508171983097
1e-05,6.1,3,2.7e-06,6.1,2.4,80,0.15,0.25,0.904650040294886
1e-05,6.1,3,2.7e-06,6.1,2.4,80,0.15,0.3,0.923823615749183
1e-05,6.1,3,2.7e-06,6.1,2.4,80,0.15,0.35,0.937856567837983
1e-05,6.1,3,2.7e-06,6.1,2.4,80,0.15,0.4,0.948432014375544
1e-05,6.1,3,2.7e-06,6.1,2.4,80,0.15,0.45,0.956596726416956
1e-05,6.1,3,2.7e-06,6.1,2.4,80,0.15,0.5,0.963026932779173
1e-05,6.1,3,2.7e-06,6.1,2.4,80,0.15,0.55,0.968175107326232
1e-05,6.1,3,2.7e-06,6.1,2.4,80,0.15,0.6,0.972353945771709
1e-05,6.1,3,2.7e-06,6.1,2.4,80,0.15,0.65,0.975785771625198
1e-05,6.1,3,2.7e-06,6.1,2.4,80,0.15,0.7,0.978632604214203
1e-05,6.1,3,2.7e-06,6.1,2.4,80,0.15,0.75,0.981014989153813
1e-05,6.1,3,2.7e-06,6.1,2.4,80,0.15,0.8,0.983024205156979
1e-05,6.1,3,2.7e-06,6.1,2.4,80,0.15,0.85,0.984730394412965
1e-05,6.1,3,2.7e-06,6.1,2.4,80,0.15,0.9,NA
1e-05,6.1,3,2.7e-06,6.1,2.4,80,0.15,0.95,NA
1e-05,6.1,3,2.7e-06,6.1,2.4,80,0.15,1,NA
1e-05,6.1,3,2.7e-06,6.1,2.4,80,0.2,0,0.267214081133843
1e-05,6.1,3,2.7e-06,6.1,2.4,80,0.2,0.05,0.545753221748508
1e-05,6.1,3,2.7e-06,6.1,2.4,80,0.2,0.1,0.696900690399055
1e-05,6.1,3,2.7e-06,6.1,2.4,80,0.2,0.15,0.785295421370506
1e-05,6.1,3,2.7e-06,6.1,2.4,80,0.2,0.2,0.840746261696621
1e-05,6.1,3,2.7e-06,6.1,2.4,80,0.2,0.25,0.877575362446861
1e-05,6.1,3,2.7e-06,6.1,2.4,80,0.2,0.3,0.90318744686365
1e-05,6.1,3,2.7e-06,6.1,2.4,80,0.2,0.35,0.921685892281325
1e-05,6.1,3,2.7e-06,6.1,2.4,80,0.2,0.4,0.93547281739752
1e-05,6.1,3,2.7e-06,6.1,2.4,80,0.2,0.45,0.946018365410856
1e-05,6.1,3,2.7e-06,6.1,2.4,80,0.2,0.5,0.954258764022805
1e-05,6.1,3,2.7e-06,6.1,2.4,80,0.2,0.55,0.96081252726876
1e-05,6.1,3,2.7e-06,6.1,2.4,80,0.2,0.6,0.966102252566601
1e-05,6.1,3,2.7e-06,6.1,2.4,80,0.2,0.65,0.970425321168164
1e-05,6.1,3,2.7e-06,6.1,2.4,80,0.2,0.7,0.973996451595918
1e-05,6.1,3,2.7e-06,6.1,2.4,80,0.2,0.75,0.976974070925962
1e-05,6.1,3,2.7e-06,6.1,2.4,80,0.2,0.8,0.979477244828981
1e-05,6.1,3,2.7e-06,6.1,2.4,80,0.2,0.85,NA
1e-05,6.1,3,2.7e-06,6.1,2.4,80,0.2,0.9,NA
1e-05,6.1,3,2.7e-06,6.1,2.4,80,0.2,0.95,NA
1e-05,6.1,3,2.7e-06,6.1,2.4,80,0.2,1,NA
1e-05,6.1,3,2.7e-06,6.1,2.4,80,0.25,0,0.0360043050412424
1e-05,6.1,3,2.7e-06,6.1,2.4,80,0.25,0.05,0.385374848386253
1e-05,6.1,3,2.7e-06,6.1,2.4,80,0.25,0.1,0.5952910718997
1e-05,6.1,3,2.7e-06,6.1,2.4,80,0.25,0.15,0.717702436992871
1e-05,6.1,3,2.7e-06,6.1,2.4,80,0.25,0.2,0.793565686909536
1e-05,6.1,3,2.7e-06,6.1,2.4,80,0.25,0.25,0.843232621254117
1e-05,6.1,3,2.7e-06,6.1,2.4,80,0.25,0.3,0.877297702359802
1e-05,6.1,3,2.7e-06,6.1,2.4,80,0.25,0.35,0.901598461200087
1e-05,6.1,3,2.7e-06,6.1,2.4,80,0.25,0.4,0.919515417880261
1e-05,6.1,3,2.7e-06,6.1,2.4,80,0.25,0.45,0.933092974262721
1e-05,6.1,3,2.7e-06,6.1,2.4,80,0.25,0.5,0.943618003940916
1e-05,6.1,3,2.7e-06,6.1,2.4,80,0.25,0.55,0.951931413553421
1e-05,6.1,3,2.7e-06,6.1,2.4,80,0.25,0.6,0.958601787064856
1e-05,6.1,3,2.7e-06,6.1,2.4,80,0.25,0.65,0.964025391332402
1e-05,6.1,3,2.7e-06,6.1,2.4,80,0.25,0.7,0.968485778690303
1e-05,6.1,3,2.7e-06,6.1,2.4,80,0.25,0.75,0.972190453276435
1e-05,6.1,3,2.7e-06,6.1,2.4,80,0.25,0.8,NA
1e-05,6.1,3,2.7e-06,6.1,2.4,80,0.25,0.85,NA
1e-05,6.1,3,2.7e-06,6.1,2.4,80,0.25,0.9,NA
1e-05,6.1,3,2.7e-06,6.1,2.4,80,0.25,0.95,NA
1e-05,6.1,3,2.7e-06,6.1,2.4,80,0.25,1,NA
1e-05,6.1,3,2.7e-06,6.1,2.4,80,0.3,0,-0.0742309164283687
1e-05,6.1,3,2.7e-06,6.1,2.4,80,0.3,0.05,0.184997121827377
1e-05,6.1,3,2.7e-06,6.1,2.4,80,0.3,0.1,0.465752722774868
1e-05,6.1,3,2.7e-06,6.1,2.4,80,0.3,0.15,0.631421298863077
1e-05,6.1,3,2.7e-06,6.1,2.4,80,0.3,0.2,0.733710350624985
1e-05,6.1,3,2.7e-06,6.1,2.4,80,0.3,0.25,0.800042042413563
1e-05,6.1,3,2.7e-06,6.1,2.4,80,0.3,0.3,0.845036565816614
1e-05,6.1,3,2.7e-06,6.1,2.4,80,0.3,0.35,0.876787846312711
1e-05,6.1,3,2.7e-06,6.1,2.4,80,0.3,0.4,0.899965379099139
1e-05,6.1,3,2.7e-06,6.1,2.4,80,0.3,0.45,0.91737309490594
1e-05,6.1,3,2.7e-06,6.1,2.4,80,0.3,0.5,0.930761250346064
1e-05,6.1,3,2.7e-06,6.1,2.4,80,0.3,0.55,0.941263565171152
1e-05,6.1,3,2.7e-06,6.1,2.4,80,0.3,0.6,0.949639787258386
1e-05,6.1,3,2.7e-06,6.1,2.4,80,0.3,0.65,0.956414839693715
1e-05,6.1,3,2.7e-06,6.1,2.4,80,0.3,0.7,0.961961207718712
1e-05,6.1,3,2.7e-06,6.1,2.4,80,0.3,0.75,NA
1e-05,6.1,3,2.7e-06,6.1,2.4,80,0.3,0.8,NA
1e-05,6.1,3,2.7e-06,6.1,2.4,80,0.3,0.85,NA
1e-05,6.1,3,2.7e-06,6.1,2.4,80,0.3,0.9,NA
1e-05,6.1,3,2.7e-06,6.1,2.4,80,0.3,0.95,NA
1e-05,6.1,3,2.7e-06,6.1,2.4,80,0.3,1,NA
1e-05,6.1,3,2.7e-06,6.1,2.4,80,0.35,0,-0.157150399064957
1e-05,6.1,3,2.7e-06,6.1,2.4,80,0.35,0.05,0.00717572224316708
1e-05,6.1,3,2.7e-06,6.1,2.4,80,0.35,0.1,0.305740370667713
1e-05,6.1,3,2.7e-06,6.1,2.4,80,0.35,0.15,0.523555159699392
1e-05,6.1,3,2.7e-06,6.1,2.4,80,0.35,0.2,0.658867864770749
1e-05,6.1,3,2.7e-06,6.1,2.4,80,0.35,0.25,0.746302088423192
1e-05,6.1,3,2.7e-06,6.1,2.4,80,0.35,0.3,0.805170780415144
1e-05,6.1,3,2.7e-06,6.1,2.4,80,0.35,0.35,0.846353674089782
1e-05,6.1,3,2.7e-06,6.1,2.4,80,0.35,0.4,0.876155314965864
1e-05,6.1,3,2.7e-06,6.1,2.4,80,0.35,0.45,0.898355309125652
1e-05,6.1,3,2.7e-06,6.1,2.4,80,0.35,0.5,0.915302131907382
1e-05,6.1,3,2.7e-06,6.1,2.4,80,0.35,0.55,0.92850756112992
1e-05,6.1,3,2.7e-06,6.1,2.4,80,0.35,0.6,0.938977563723498
1e-05,6.1,3,2.7e-06,6.1,2.4,80,0.35,0.65,0.947402074710446
1e-05,6.1,3,2.7e-06,6.1,2.4,80,0.35,0.7,NA
1e-05,6.1,3,2.7e-06,6.1,2.4,80,0.35,0.75,NA
1e-05,6.1,3,2.7e-06,6.1,2.4,80,0.35,0.8,NA
1e-05,6.1,3,2.7e-06,6.1,2.4,80,0.35,0.85,NA
1e-05,6.1,3,2.7e-06,6.1,2.4,80,0.35,0.9,NA
1e-05,6.1,3,2.7e-06,6.1,2.4,80,0.35,0.95,NA
1e-05,6.1,3,2.7e-06,6.1,2.4,80,0.35,1,NA
1e-05,6.1,3,2.7e-06,6.1,2.4,80,0.4,0,-0.241515798107707
1e-05,6.1,3,2.7e-06,6.1,2.4,80,0.4,0.05,-0.0805197702088875
1e-05,6.1,3,2.7e-06,6.1,2.4,80,0.4,0.1,0.119831355037673
1e-05,6.1,3,2.7e-06,6.1,2.4,80,0.4,0.15,0.391970488303365
1e-05,6.1,3,2.7e-06,6.1,2.4,80,0.4,0.2,0.566882733533425
1e-05,6.1,3,2.7e-06,6.1,2.4,80,0.4,0.25,0.680279003612365
1e-05,6.1,3,2.7e-06,6.1,2.4,80,0.4,0.3,0.756389253300031
1e-05,6.1,3,2.7e-06,6.1,2.4,80,0.4,0.35,0.809317316301661
1e-05,6.1,3,2.7e-06,6.1,2.4,80,0.4,0.4,0.847351125789806
1e-05,6.1,3,2.7e-06,6.1,2.4,80,0.4,0.45,0.875482408444036
1e-05,6.1,3,2.7e-06,6.1,2.4,80,0.4,0.5,0.896811702885231
1e-05,6.1,3,2.7e-06,6.1,2.4,80,0.4,0.55,0.913328409448491
1e-05,6.1,3,2.7e-06,6.1,2.4,80,0.4,0.6,0.926349877375924
1e-05,6.1,3,2.7e-06,6.1,2.4,80,0.4,0.65,NA
1e-05,6.1,3,2.7e-06,6.1,2.4,80,0.4,0.7,NA
1e-05,6.1,3,2.7e-06,6.1,2.4,80,0.4,0.75,NA
1e-05,6.1,3,2.7e-06,6.1,2.4,80,0.4,0.8,NA
1e-05,6.1,3,2.7e-06,6.1,2.4,80,0.4,0.85,NA
1e-05,6.1,3,2.7e-06,6.1,2.4,80,0.4,0.9,NA
1e-05,6.1,3,2.7e-06,6.1,2.4,80,0.4,0.95,NA
1e-05,6.1,3,2.7e-06,6.1,2.4,80,0.4,1,NA
1e-05,6.1,3,2.7e-06,6.1,2.4,80,0.45,0,-0.322532327125305
1e-05,6.1,3,2.7e-06,6.1,2.4,80,0.45,0.05,-0.15236181831647
1e-05,6.1,3,2.7e-06,6.1,2.4,80,0.45,0.1,-0.00991847299282806
1e-05,6.1,3,2.7e-06,6.1,2.4,80,0.45,0.15,0.235846565063745
1e-05,6.1,3,2.7e-06,6.1,2.4,80,0.45,0.2,0.456038457837824
1e-05,6.1,3,2.7e-06,6.1,2.4,80,0.45,0.25,0.600337603612314
1e-05,6.1,3,2.7e-06,6.1,2.4,80,0.45,0.3,0.697362555890014
1e-05,6.1,3,2.7e-06,6.1,2.4,80,0.45,0.35,0.764648966511128
1e-05,6.1,3,2.7e-06,6.1,2.4,80,0.45,0.4,0.812764324803124
1e-05,6.1,3,2.7e-06,6.1,2.4,80,0.45,0.45,0.848148862789875
1e-05,6.1,3,2.7e-06,6.1,2.4,80,0.45,0.5,0.874820684839405
1e-05,6.1,3,2.7e-06,6.1,2.4,80,0.45,0.55,0.89535828067612
1e-05,6.1,3,2.7e-06,6.1,2.4,80,0.45,0.6,NA
1e-05,6.1,3,2.7e-06,6.1,2.4,80,0.45,0.65,NA
1e-05,6.1,3,2.7e-06,6.1,2.4,80,0.45,0.7,NA
1e-05,6.1,3,2.7e-06,6.1,2.4,80,0.45,0.75,NA
1e-05,6.1,3,2.7e-06,6.1,2.4,80,0.45,0.8,NA
1e-05,6.1,3,2.7e-06,6.1,2.4,80,0.45,0.85,NA
1e-05,6.1,3,2.7e-06,6.1,2.4,80,0.45,0.9,NA
1e-05,6.1,3,2.7e-06,6.1,2.4,80,0.45,0.95,NA
1e-05,6.1,3,2.7e-06,6.1,2.4,80,0.45,1,NA
1e-05,6.1,3,2.7e-06,6.1,2.4,80,0.5,0,-0.396973630032285
1e-05,6.1,3,2.7e-06,6.1,2.4,80,0.5,0.05,-0.22545957559682
1e-05,6.1,3,2.7e-06,6.1,2.4,80,0.5,0.1,-0.0857729355714292
1e-05,6.1,3,2.7e-06,6.1,2.4,80,0.5,0.15,0.0779319435766958
1e-05,6.1,3,2.7e-06,6.1,2.4,80,0.5,0.2,0.325378347672289
1e-05,6.1,3,2.7e-06,6.1,2.4,80,0.5,0.25,0.505110540020313
1e-05,6.1,3,2.7e-06,6.1,2.4,80,0.5,0.3,0.626826294848286
1e-05,6.1,3,2.7e-06,6.1,2.4,80,0.5,0.35,0.711308207597474
1e-05,6.1,3,2.7e-06,6.1,2.4,80,0.5,0.4,0.771571790448921
1e-05,6.1,3,2.7e-06,6.1,2.4,80,0.5,0.45,0.815710436090018
1e-05,6.1,3,2.7e-06,6.1,2.4,80,0.5,0.5,0.848824111285485
1e-05,6.1,3,2.7e-06,6.1,2.4,80,0.5,0.55,NA
1e-05,6.1,3,2.7e-06,6.1,2.4,80,0.5,0.6,NA
1e-05,6.1,3,2.7e-06,6.1,2.4,80,0.5,0.65,NA
1e-05,6.1,3,2.7e-06,6.1,2.4,80,0.5,0.7,NA
1e-05,6.1,3,2.7e-06,6.1,2.4,80,0.5,0.75,NA
1e-05,6.1,3,2.7e-06,6.1,2.4,80,0.5,0.8,NA
1e-05,6.1,3,2.7e-06,6.1,2.4,80,0.5,0.85,NA
1e-05,6.1,3,2.7e-06,6.1,2.4,80,0.5,0.9,NA
1e-05,6.1,3,2.7e-06,6.1,2.4,80,0.5,0.95,NA
1e-05,6.1,3,2.7e-06,6.1,2.4,80,0.5,1,NA
1e-05,6.1,3,2.7e-06,6.1,2.4,80,0.55,0,-0.463311924156351
1e-05,6.1,3,2.7e-06,6.1,2.4,80,0.55,0.05,-0.296709705047735
1e-05,6.1,3,2.7e-06,6.1,2.4,80,0.55,0.1,-0.149092080366225
1e-05,6.1,3,2.7e-06,6.1,2.4,80,0.55,0.15,-0.0235287248515517
1e-05,6.1,3,2.7e-06,6.1,2.4,80,0.55,0.2,0.175006002336818
1e-05,6.1,3,2.7e-06,6.1,2.4,80,0.55,0.25,0.393692616161368
1e-05,6.1,3,2.7e-06,6.1,2.4,80,0.55,0.3,0.543687009777484
1e-05,6.1,3,2.7e-06,6.1,2.4,80,0.55,0.35,0.648299005370305
1e-05,6.1,3,2.7e-06,6.1,2.4,80,0.55,0.4,0.722944158366237
1e-05,6.1,3,2.7e-06,6.1,2.4,80,0.55,0.45,0.777498854402155
1e-05,6.1,3,2.7e-06,6.1,2.4,80,0.55,0.5,NA
1e-05,6.1,3,2.7e-06,6.1,2.4,80,0.55,0.55,NA
1e-05,6.1,3,2.7e-06,6.1,2.4,80,0.55,0.6,NA
1e-05,6.1,3,2.7e-06,6.1,2.4,80,0.55,0.65,NA
1e-05,6.1,3,2.7e-06,6.1,2.4,80,0.55,0.7,NA
1e-05,6.1,3,2.7e-06,6.1,2.4,80,0.55,0.75,NA
1e-05,6.1,3,2.7e-06,6.1,2.4,80,0.55,0.8,NA
1e-05,6.1,3,2.7e-06,6.1,2.4,80,0.55,0.85,NA
1e-05,6.1,3,2.7e-06,6.1,2.4,80,0.55,0.9,NA
1e-05,6.1,3,2.7e-06,6.1,2.4,80,0.55,0.95,NA
1e-05,6.1,3,2.7e-06,6.1,2.4,80,0.55,1,NA
1e-05,6.1,3,2.7e-06,6.1,2.4,80,0.6,0,-0.521308047659724
1e-05,6.1,3,2.7e-06,6.1,2.4,80,0.6,0.05,-0.363794151180022
1e-05,6.1,3,2.7e-06,6.1,2.4,80,0.6,0.1,-0.213470265821389
1e-05,6.1,3,2.7e-06,6.1,2.4,80,0.6,0.15,-0.0901067844945769
1e-05,6.1,3,2.7e-06,6.1,2.4,80,0.6,0.2,0.0514428544445789
1e-05,6.1,3,2.7e-06,6.1,2.4,80,0.6,0.25,0.265832923723787
1e-05,6.1,3,2.7e-06,6.1,2.4,80,0.6,0.3,0.447144112672735
1e-05,6.1,3,2.7e-06,6.1,2.4,80,0.6,0.35,0.574738511920688
1e-05,6.1,3,2.7e-06,6.1,2.4,80,0.6,0.4,0.666083183969839
1e-05,6.1,3,2.7e-06,6.1,2.4,80,0.6,0.45,NA
1e-05,6.1,3,2.7e-06,6.1,2.4,80,0.6,0.5,NA
1e-05,6.1,3,2.7e-06,6.1,2.4,80,0.6,0.55,NA
1e-05,6.1,3,2.7e-06,6.1,2.4,80,0.6,0.6,NA
1e-05,6.1,3,2.7e-06,6.1,2.4,80,0.6,0.65,NA
1e-05,6.1,3,2.7e-06,6.1,2.4,80,0.6,0.7,NA
1e-05,6.1,3,2.7e-06,6.1,2.4,80,0.6,0.75,NA
1e-05,6.1,3,2.7e-06,6.1,2.4,80,0.6,0.8,NA
1e-05,6.1,3,2.7e-06,6.1,2.4,80,0.6,0.85,NA
1e-05,6.1,3,2.7e-06,6.1,2.4,80,0.6,0.9,NA
1e-05,6.1,3,2.7e-06,6.1,2.4,80,0.6,0.95,NA
1e-05,6.1,3,2.7e-06,6.1,2.4,80,0.6,1,NA
1e-05,6.1,3,2.7e-06,6.1,2.4,80,0.65,0,-0.571482757169707
1e-05,6.1,3,2.7e-06,6.1,2.4,80,0.65,0.05,-0.425324118573506
1e-05,6.1,3,2.7e-06,6.1,2.4,80,0.65,0.1,-0.276789214018593
1e-05,6.1,3,2.7e-06,6.1,2.4,80,0.65,0.15,-0.14663863434448
1e-05,6.1,3,2.7e-06,6.1,2.4,80,0.65,0.2,-0.0354294397655151
1e-05,6.1,3,2.7e-06,6.1,2.4,80,0.65,0.25,0.13002860269777
1e-05,6.1,3,2.7e-06,6.1,2.4,80,0.65,0.3,0.336814653294398
1e-05,6.1,3,2.7e-06,6.1,2.4,80,0.65,0.35,0.489936261702136
1e-05,6.1,3,2.7e-06,6.1,2.4,80,0.65,0.4,NA
1e-05,6.1,3,2.7e-06,6.1,2.4,80,0.65,0.45,NA
1e-05,6.1,3,2.7e-06,6.1,2.4,80,0.65,0.5,NA
1e-05,6.1,3,2.7e-06,6.1,2.4,80,0.65,0.55,NA
1e-05,6.1,3,2.7e-06,6.1,2.4,80,0.65,0.6,NA
1e-05,6.1,3,2.7e-06,6.1,2.4,80,0.65,0.65,NA
1e-05,6.1,3,2.7e-06,6.1,2.4,80,0.65,0.7,NA
1e-05,6.1,3,2.7e-06,6.1,2.4,80,0.65,0.75,NA
1e-05,6.1,3,2.7e-06,6.1,2.4,80,0.65,0.8,NA
1e-05,6.1,3,2.7e-06,6.1,2.4,80,0.65,0.85,NA
1e-05,6.1,3,2.7e-06,6.1,2.4,80,0.65,0.9,NA
1e-05,6.1,3,2.7e-06,6.1,2.4,80,0.65,0.95,NA
1e-05,6.1,3,2.7e-06,6.1,2.4,80,0.65,1,NA
1e-05,6.1,3,2.7e-06,6.1,2.4,80,0.7,0,-0.614699106984412
1e-05,6.1,3,2.7e-06,6.1,2.4,80,0.7,0.05,-0.480720993759769
1e-05,6.1,3,2.7e-06,6.1,2.4,80,0.7,0.1,-0.337357700363764
1e-05,6.1,3,2.7e-06,6.1,2.4,80,0.7,0.15,-0.204044591957062
1e-05,6.1,3,2.7e-06,6.1,2.4,80,0.7,0.2,-0.0936361835301246
1e-05,6.1,3,2.7e-06,6.1,2.4,80,0.7,0.25,0.0285150669422998
1e-05,6.1,3,2.7e-06,6.1,2.4,80,0.7,0.3,0.21284181368726
1e-05,6.1,3,2.7e-06,6.1,2.4,80,0.7,0.35,NA
1e-05,6.1,3,2.7e-06,6.1,2.4,80,0.7,0.4,NA
1e-05,6.1,3,2.7e-06,6.1,2.4,80,0.7,0.45,NA
1e-05,6.1,3,2.7e-06,6.1,2.4,80,0.7,0.5,NA
1e-05,6.1,3,2.7e-06,6.1,2.4,80,0.7,0.55,NA
1e-05,6.1,3,2.7e-06,6.1,2.4,80,0.7,0.6,NA
1e-05,6.1,3,2.7e-06,6.1,2.4,80,0.7,0.65,NA
1e-05,6.1,3,2.7e-06,6.1,2.4,80,0.7,0.7,NA
1e-05,6.1,3,2.7e-06,6.1,2.4,80,0.7,0.75,NA
1e-05,6.1,3,2.7e-06,6.1,2.4,80,0.7,0.8,NA
1e-05,6.1,3,2.7e-06,6.1,2.4,80,0.7,0.85,NA
1e-05,6.1,3,2.7e-06,6.1,2.4,80,0.7,0.9,NA
1e-05,6.1,3,2.7e-06,6.1,2.4,80,0.7,0.95,NA
1e-05,6.1,3,2.7e-06,6.1,2.4,80,0.7,1,NA
1e-05,6.1,3,2.7e-06,6.1,2.4,80,0.75,0,-0.651904595621576
1e-05,6.1,3,2.7e-06,6.1,2.4,80,0.75,0.05,-0.529986139223466
1e-05,6.1,3,2.7e-06,6.1,2.4,80,0.75,0.1,-0.394021959817321
1e-05,6.1,3,2.7e-06,6.1,2.4,80,0.75,0.15,-0.260822712642464
1e-05,6.1,3,2.7e-06,6.1,2.4,80,0.75,0.2,-0.144623542230597
1e-05,6.1,3,2.7e-06,6.1,2.4,80,0.75,0.25,-0.0458246913280626
1e-05,6.1,3,2.7e-06,6.1,2.4,80,0.75,0.3,NA
1e-05,6.1,3,2.7e-06,6.1,2.4,80,0.75,0.35,NA
1e-05,6.1,3,2.7e-06,6.1,2.4,80,0.75,0.4,NA
1e-05,6.1,3,2.7e-06,6.1,2.4,80,0.75,0.45,NA
1e-05,6.1,3,2.7e-06,6.1,2.4,80,0.75,0.5,NA
1e-05,6.1,3,2.7e-06,6.1,2.4,80,0.75,0.55,NA
1e-05,6.1,3,2.7e-06,6.1,2.4,80,0.75,0.6,NA
1e-05,6.1,3,2.7e-06,6.1,2.4,80,0.75,0.65,NA
1e-05,6.1,3,2.7e-06,6.1,2.4,80,0.75,0.7,NA
1e-05,6.1,3,2.7e-06,6.1,2.4,80,0.75,0.75,NA
1e-05,6.1,3,2.7e-06,6.1,2.4,80,0.75,0.8,NA
1e-05,6.1,3,2.7e-06,6.1,2.4,80,0.75,0.85,NA
1e-05,6.1,3,2.7e-06,6.1,2.4,80,0.75,0.9,NA
1e-05,6.1,3,2.7e-06,6.1,2.4,80,0.75,0.95,NA
1e-05,6.1,3,2.7e-06,6.1,2.4,80,0.75,1,NA
1e-05,6.1,3,2.7e-06,6.1,2.4,80,0.8,0,-0.68399906106173
1e-05,6.1,3,2.7e-06,6.1,2.4,80,0.8,0.05,-0.573473028863854
1e-05,6.1,3,2.7e-06,6.1,2.4,80,0.8,0.1,-0.446143250670368
1e-05,6.1,3,2.7e-06,6.1,2.4,80,0.8,0.15,-0.315722311657169
1e-05,6.1,3,2.7e-06,6.1,2.4,80,0.8,0.2,-0.196337121033153
1e-05,6.1,3,2.7e-06,6.1,2.4,80,0.8,0.25,NA
1e-05,6.1,3,2.7e-06,6.1,2.4,80,0.8,0.3,NA
1e-05,6.1,3,2.7e-06,6.1,2.4,80,0.8,0.35,NA
1e-05,6.1,3,2.7e-06,6.1,2.4,80,0.8,0.4,NA
1e-05,6.1,3,2.7e-06,6.1,2.4,80,0.8,0.45,NA
1e-05,6.1,3,2.7e-06,6.1,2.4,80,0.8,0.5,NA
1e-05,6.1,3,2.7e-06,6.1,2.4,80,0.8,0.55,NA
1e-05,6.1,3,2.7e-06,6.1,2.4,80,0.8,0.6,NA
1e-05,6.1,3,2.7e-06,6.1,2.4,80,0.8,0.65,NA
1e-05,6.1,3,2.7e-06,6.1,2.4,80,0.8,0.7,NA
1e-05,6.1,3,2.7e-06,6.1,2.4,80,0.8,0.75,NA
1e-05,6.1,3,2.7e-06,6.1,2.4,80,0.8,0.8,NA
1e-05,6.1,3,2.7e-06,6.1,2.4,80,0.8,0.85,NA
1e-05,6.1,3,2.7e-06,6.1,2.4,80,0.8,0.9,NA
1e-05,6.1,3,2.7e-06,6.1,2.4,80,0.8,0.95,NA
1e-05,6.1,3,2.7e-06,6.1,2.4,80,0.8,1,NA
1e-05,6.1,3,2.7e-06,6.1,2.4,80,0.85,0,-0.711780719851446
1e-05,6.1,3,2.7e-06,6.1,2.4,80,0.85,0.05,-0.611712246519227
1e-05,6.1,3,2.7e-06,6.1,2.4,80,0.85,0.1,-0.493499547625284
1e-05,6.1,3,2.7e-06,6.1,2.4,80,0.85,0.15,-0.367820098599572
1e-05,6.1,3,2.7e-06,6.1,2.4,80,0.85,0.2,NA
1e-05,6.1,3,2.7e-06,6.1,2.4,80,0.85,0.25,NA
1e-05,6.1,3,2.7e-06,6.1,2.4,80,0.85,0.3,NA
1e-05,6.1,3,2.7e-06,6.1,2.4,80,0.85,0.35,NA
1e-05,6.1,3,2.7e-06,6.1,2.4,80,0.85,0.4,NA
1e-05,6.1,3,2.7e-06,6.1,2.4,80,0.85,0.45,NA
1e-05,6.1,3,2.7e-06,6.1,2.4,80,0.85,0.5,NA
1e-05,6.1,3,2.7e-06,6.1,2.4,80,0.85,0.55,NA
1e-05,6.1,3,2.7e-06,6.1,2.4,80,0.85,0.6,NA
1e-05,6.1,3,2.7e-06,6.1,2.4,80,0.85,0.65,NA
1e-05,6.1,3,2.7e-06,6.1,2.4,80,0.85,0.7,NA
1e-05,6.1,3,2.7e-06,6.1,2.4,80,0.85,0.75,NA
1e-05,6.1,3,2.7e-06,6.1,2.4,80,0.85,0.8,NA
1e-05,6.1,3,2.7e-06,6.1,2.4,80,0.85,0.85,NA
1e-05,6.1,3,2.7e-06,6.1,2.4,80,0.85,0.9,NA
1e-05,6.1,3,2.7e-06,6.1,2.4,80,0.85,0.95,NA
1e-05,6.1,3,2.7e-06,6.1,2.4,80,0.85,1,NA
1e-05,6.1,3,2.7e-06,6.1,2.4,80,0.9,0,-0.735933629613354
1e-05,6.1,3,2.7e-06,6.1,2.4,80,0.9,0.05,-0.645296187782693
1e-05,6.1,3,2.7e-06,6.1,2.4,80,0.9,0.1,-0.536164810697714
1e-05,6.1,3,2.7e-06,6.1,2.4,80,0.9,0.15,NA
1e-05,6.1,3,2.7e-06,6.1,2.4,80,0.9,0.2,NA
1e-05,6.1,3,2.7e-06,6.1,2.4,80,0.9,0.25,NA
1e-05,6.1,3,2.7e-06,6.1,2.4,80,0.9,0.3,NA
1e-05,6.1,3,2.7e-06,6.1,2.4,80,0.9,0.35,NA
1e-05,6.1,3,2.7e-06,6.1,2.4,80,0.9,0.4,NA
1e-05,6.1,3,2.7e-06,6.1,2.4,80,0.9,0.45,NA
1e-05,6.1,3,2.7e-06,6.1,2.4,80,0.9,0.5,NA
1e-05,6.1,3,2.7e-06,6.1,2.4,80,0.9,0.55,NA
1e-05,6.1,3,2.7e-06,6.1,2.4,80,0.9,0.6,NA
1e-05,6.1,3,2.7e-06,6.1,2.4,80,0.9,0.65,NA
1e-05,6.1,3,2.7e-06,6.1,2.4,80,0.9,0.7,NA
1e-05,6.1,3,2.7e-06,6.1,2.4,80,0.9,0.75,NA
1e-05,6.1,3,2.7e-06,6.1,2.4,80,0.9,0.8,NA
1e-05,6.1,3,2.7e-06,6.1,2.4,80,0.9,0.85,NA
1e-05,6.1,3,2.7e-06,6.1,2.4,80,0.9,0.9,NA
1e-05,6.1,3,2.7e-06,6.1,2.4,80,0.9,0.95,NA
1e-05,6.1,3,2.7e-06,6.1,2.4,80,0.9,1,NA
1e-05,6.1,3,2.7e-06,6.1,2.4,80,0.95,0,-0.757033891414113
1e-05,6.1,3,2.7e-06,6.1,2.4,80,0.95,0.05,-0.674811398487535
1e-05,6.1,3,2.7e-06,6.1,2.4,80,0.95,0.1,NA
1e-05,6.1,3,2.7e-06,6.1,2.4,80,0.95,0.15,NA
1e-05,6.1,3,2.7e-06,6.1,2.4,80,0.95,0.2,NA
1e-05,6.1,3,2.7e-06,6.1,2.4,80,0.95,0.25,NA
1e-05,6.1,3,2.7e-06,6.1,2.4,80,0.95,0.3,NA
1e-05,6.1,3,2.7e-06,6.1,2.4,80,0.95,0.35,NA
1e-05,6.1,3,2.7e-06,6.1,2.4,80,0.95,0.4,NA
1e-05,6.1,3,2.7e-06,6.1,2.4,80,0.95,0.45,NA
1e-05,6.1,3,2.7e-06,6.1,2.4,80,0.95,0.5,NA
1e-05,6.1,3,2.7e-06,6.1,2.4,80,0.95,0.55,NA
1e-05,6.1,3,2.7e-06,6.1,2.4,80,0.95,0.6,NA
1e-05,6.1,3,2.7e-06,6.1,2.4,80,0.95,0.65,NA
1e-05,6.1,3,2.7e-06,6.1,2.4,80,0.95,0.7,NA
1e-05,6.1,3,2.7e-06,6.1,2.4,80,0.95,0.75,NA
1e-05,6.1,3,2.7e-06,6.1,2.4,80,0.95,0.8,NA
1e-05,6.1,3,2.7e-06,6.1,2.4,80,0.95,0.85,NA
1e-05,6.1,3,2.7e-06,6.1,2.4,80,0.95,0.9,NA
1e-05,6.1,3,2.7e-06,6.1,2.4,80,0.95,0.95,NA
1e-05,6.1,3,2.7e-06,6.1,2.4,80,0.95,1,NA
1e-05,6.1,3,2.7e-06,6.1,2.4,80,1,0,-0.775562788481772
1e-05,6.1,3,2.7e-06,6.1,2.4,80,1,0.05,NA
1e-05,6.1,3,2.7e-06,6.1,2.4,80,1,0.1,NA
1e-05,6.1,3,2.7e-06,6.1,2.4,80,1,0.15,NA
1e-05,6.1,3,2.7e-06,6.1,2.4,80,1,0.2,NA
1e-05,6.1,3,2.7e-06,6.1,2.4,80,1,0.25,NA
1e-05,6.1,3,2.7e-06,6.1,2.4,80,1,0.3,NA
1e-05,6.1,3,2.7e-06,6.1,2.4,80,1,0.35,NA
1e-05,6.1,3,2.7e-06,6.1,2.4,80,1,0.4,NA
1e-05,6.1,3,2.7e-06,6.1,2.4,80,1,0.45,NA
1e-05,6.1,3,2.7e-06,6.1,2.4,80,1,0.5,NA
1e-05,6.1,3,2.7e-06,6.1,2.4,80,1,0.55,NA
1e-05,6.1,3,2.7e-06,6.1,2.4,80,1,0.6,NA
1e-05,6.1,3,2.7e-06,6.1,2.4,80,1,0.65,NA
1e-05,6.1,3,2.7e-06,6.1,2.4,80,1,0.7,NA
1e-05,6.1,3,2.7e-06,6.1,2.4,80,1,0.75,NA
1e-05,6.1,3,2.7e-06,6.1,2.4,80,1,0.8,NA
1e-05,6.1,3,2.7e-06,6.1,2.4,80,1,0.85,NA
1e-05,6.1,3,2.7e-06,6.1,2.4,80,1,0.9,NA
1e-05,6.1,3,2.7e-06,6.1,2.4,80,1,0.95,NA
1e-05,6.1,3,2.7e-06,6.1,2.4,80,1,1,NA
