betaK,deltaK,cK,betaE,deltaE,cE,percK,fX1,fX3,riskscore
1e-05,6.1,3.6,8.8e-07,6.1,3.6,80,0,0,0.817569723038228
1e-05,6.1,3.6,8.8e-07,6.1,3.6,80,0,0.05,0.868318621020431
1e-05,6.1,3.6,8.8e-07,6.1,3.6,80,0,0.1,0.90136624294502
1e-05,6.1,3.6,8.8e-07,6.1,3.6,80,0,0.15,0.924054471836006
1e-05,6.1,3.6,8.8e-07,6.1,3.6,80,0,0.2,0.940283892609531
1e-05,6.1,3.6,8.8e-07,6.1,3.6,80,0,0.25,0.952270421699354
1e-05,6.1,3.6,8.8e-07,6.1,3.6,80,0,0.3,0.961348161069449
1e-05,6.1,3.6,8.8e-07,6.1,3.6,80,0,0.35,0.968361432474037
1e-05,6.1,3.6,8.8e-07,6.1,3.6,80,0,0.4,0.973867772459185
1e-05,6.1,3.6,8.8e-07,6.1,3.6,80,0,0.45,0.978248713304986
1e-05,6.1,3.6,8.8e-07,6.1,3.6,80,0,0.5,0.981773276918197
1e-05,6.1,3.6,8.8e-07,6.1,3.6,80,0,0.55,0.98463594055323
1e-05,6.1,3.6,8.8e-07,6.1,3.6,80,0,0.6,0.986980235609114
1e-05,6.1,3.6,8.8e-07,6.1,3.6,80,0,0.65,0.988913942636179
1e-05,6.1,3.6,8.8e-07,6.1,3.6,80,0,0.7,0.990519193903399
1e-05,6.1,3.6,8.8e-07,6.1,3.6,80,0,0.75,0.991859383886236
1e-05,6.1,3.6,8.8e-07,6.1,3.6,80,0,0.8,0.992984006124465
1e-05,6.1,3.6,8.8e-07,6.1,3.6,80,0,0.85,0.993932095803719
1e-05,6.1,3.6,8.8e-07,6.1,3.6,80,0,0.9,0.994734723295195
1e-05,6.1,3.6,8.8e-07,6.1,3.6,80,0,0.95,0.995416825472509
1e-05,6.1,3.6,8.8e-07,6.1,3.6,80,0,1,0.995998564349914
1e-05,6.1,3.6,8.8e-07,6.1,3.6,80,0.05,0,0.79337953323671
1e-05,6.1,3.6,8.8e-07,6.1,3.6,80,0.05,0.05,0.853620324497086
1e-05,6.1,3.6,8.8e-07,6.1,3.6,80,0.05,0.1,0.891847069843268
1e-05,6.1,3.6,8.8e-07,6.1,3.6,80,0.05,0.15,0.917575927833081
1e-05,6.1,3.6,8.8e-07,6.1,3.6,80,0.05,0.2,0.935701955758888
1e-05,6.1,3.6,8.8e-07,6.1,3.6,80,0.05,0.25,0.948931663939688
1e-05,6.1,3.6,8.8e-07,6.1,3.6,80,0.05,0.3,0.958857825792737
1e-05,6.1,3.6,8.8e-07,6.1,3.6,80,0.05,0.35,0.966469327577651
1e-05,6.1,3.6,8.8e-07,6.1,3.6,80,0.05,0.4,0.972408736329511
1e-05,6.1,3.6,8.8e-07,6.1,3.6,80,0.05,0.45,0.977109933314437
1e-05,6.1,3.6,8.8e-07,6.1,3.6,80,0.05,0.5,0.980875477533039
1e-05,6.1,3.6,8.8e-07,6.1,3.6,80,0.05,0.55,0.983922074695495
1e-05,6.1,3.6,8.8e-07,6.1,3.6,80,0.05,0.6,0.986408449249049
1e-05,6.1,3.6,8.8e-07,6.1,3.6,80,0.05,0.65,0.988453042728094
1e-05,6.1,3.6,8.8e-07,6.1,3.6,80,0.05,0.7,0.990145616733928
1e-05,6.1,3.6,8.8e-07,6.1,3.6,80,0.05,0.75,0.991555128052063
1e-05,6.1,3.6,8.8e-07,6.1,3.6,80,0.05,0.8,0.992735174135863
1e-05,6.1,3.6,8.8e-07,6.1,3.6,80,0.05,0.85,0.993727860266943
1e-05,6.1,3.6,8.8e-07,6.1,3.6,80,0.05,0.9,0.99456657745689
1e-05,6.1,3.6,8.8e-07,6.1,3.6,80,0.05,0.95,0.99527803289413
1e-05,6.1,3.6,8.8e-07,6.1,3.6,80,0.05,1,NA
1e-05,6.1,3.6,8.8e-07,6.1,3.6,80,0.1,0,0.763749224324484
1e-05,6.1,3.6,8.8e-07,6.1,3.6,80,0.1,0.05,0.836177427612703
1e-05,6.1,3.6,8.8e-07,6.1,3.6,80,0.1,0.1,0.880821948559064
1e-05,6.1,3.6,8.8e-07,6.1,3.6,80,0.1,0.15,0.910211075659065
1e-05,6.1,3.6,8.8e-07,6.1,3.6,80,0.1,0.2,0.930567759168968
1e-05,6.1,3.6,8.8e-07,6.1,3.6,80,0.1,0.25,0.945232434992532
1e-05,6.1,3.6,8.8e-07,6.1,3.6,80,0.1,0.3,0.95612318595644
1e-05,6.1,3.6,8.8e-07,6.1,3.6,80,0.1,0.35,0.96440652544739
1e-05,6.1,3.6,8.8e-07,6.1,3.6,80,0.1,0.4,0.970827466350092
1e-05,6.1,3.6,8.8e-07,6.1,3.6,80,0.1,0.45,0.975881887756328
1e-05,6.1,3.6,8.8e-07,6.1,3.6,80,0.1,0.5,0.979911441549786
1e-05,6.1,3.6,8.8e-07,6.1,3.6,80,0.1,0.55,0.983158425602485
1e-05,6.1,3.6,8.8e-07,6.1,3.6,80,0.1,0.6,0.985798851697627
1e-05,6.1,3.6,8.8e-07,6.1,3.6,80,0.1,0.65,0.98796316064915
1e-05,6.1,3.6,8.8e-07,6.1,3.6,80,0.1,0.7,0.989749650687044
1e-05,6.1,3.6,8.8e-07,6.1,3.6,80,0.1,0.75,0.991233452655528
1e-05,6.1,3.6,8.8e-07,6.1,3.6,80,0.1,0.8,0.992472702429382
1e-05,6.1,3.6,8.8e-07,6.1,3.6,80,0.1,0.85,0.993512882524379
1e-05,6.1,3.6,8.8e-07,6.1,3.6,80,0.1,0.9,0.994389926557039
1e-05,6.1,3.6,8.8e-07,6.1,3.6,80,0.1,0.95,NA
1e-05,6.1,3.6,8.8e-07,6.1,3.6,80,0.1,1,NA
1e-05,6.1,3.6,8.8e-07,6.1,3.6,80,0.15,0,0.726880959458842
1e-05,6.1,3.6,8.8e-07,6.1,3.6,80,0.15,0.05,0.815227206654183
1e-05,6.1,3.6,8.8e-07,6.1,3.6,80,0.15,0.1,0.867937248209782
1e-05,6.1,3.6,8.8e-07,6.1,3.6,80,0.15,0.15,0.901781219123564
1e-05,6.1,3.6,8.8e-07,6.1,3.6,80,0.15,0.2,0.924784289047042
1e-05,6.1,3.6,8.8e-07,6.1,3.6,80,0.15,0.25,0.941116868532589
1e-05,6.1,3.6,8.8e-07,6.1,3.6,80,0.15,0.3,0.953110409707808
1e-05,6.1,3.6,8.8e-07,6.1,3.6,80,0.15,0.35,0.962151670984479
1e-05,6.1,3.6,8.8e-07,6.1,3.6,80,0.15,0.4,0.969110015744624
1e-05,6.1,3.6,8.8e-07,6.1,3.6,80,0.15,0.45,0.974555174930937
1e-05,6.1,3.6,8.8e-07,6.1,3.6,80,0.15,0.5,0.978874673272887
1e-05,6.1,3.6,8.8e-07,6.1,3.6,80,0.15,0.55,0.982340412035702
1e-05,6.1,3.6,8.8e-07,6.1,3.6,80,0.15,0.6,0.985148152733667
1e-05,6.1,3.6,8.8e-07,6.1,3.6,80,0.15,0.65,0.987441909783906
1e-05,6.1,3.6,8.8e-07,6.1,3.6,80,0.15,0.7,0.989329546152166
1e-05,6.1,3.6,8.8e-07,6.1,3.6,80,0.15,0.75,0.990893064862058
1e-05,6.1,3.6,8.8e-07,6.1,3.6,80,0.15,0.8,0.992195629414761
1e-05,6.1,3.6,8.8e-07,6.1,3.6,80,0.15,0.85,0.993286443351933
1e-05,6.1,3.6,8.8e-07,6.1,3.6,80,0.15,0.9,NA
1e-05,6.1,3.6,8.8e-07,6.1,3.6,80,0.15,0.95,NA
1e-05,6.1,3.6,8.8e-07,6.1,3.6,80,0.15,1,NA
1e-05,6.1,3.6,8.8e-07,6.1,3.6,80,0.2,0,0.680202727459843
1e-05,6.1,3.6,8.8e-07,6.1,3.6,80,0.2,0.05,0.78971918169791
1e-05,6.1,3.6,8.8e-07,6.1,3.6,80,0.2,0.1,0.852725558682786
1e-05,6.1,3.6,8.8e-07,6.1,3.6,80,0.2,0.15,0.892058562311978
1e-05,6.1,3.6,8.8e-07,6.1,3.6,80,0.2,0.2,0.918231293121038
1e-05,6.1,3.6,8.8e-07,6.1,3.6,80,0.2,0.25,0.936517224389941
1e-05,6.1,3.6,8.8e-07,6.1,3.6,80,0.2,0.3,0.949779268916507
1e-05,6.1,3.6,8.8e-07,6.1,3.6,80,0.2,0.35,0.959679795125743
1e-05,6.1,3.6,8.8e-07,6.1,3.6,80,0.2,0.4,0.967240277386654
1e-05,6.1,3.6,8.8e-07,6.1,3.6,80,0.2,0.45,0.973119079774575
1e-05,6.1,3.6,8.8e-07,6.1,3.6,80,0.2,0.5,0.977757854729965
1e-05,6.1,3.6,8.8e-07,6.1,3.6,80,0.2,0.55,0.981462914075961
1e-05,6.1,3.6,8.8e-07,6.1,3.6,80,0.2,0.6,0.984452707978977
1e-05,6.1,3.6,8.8e-07,6.1,3.6,80,0.2,0.65,0.986886659797952
1e-05,6.1,3.6,8.8e-07,6.1,3.6,80,0.2,0.7,0.988883380705905
1e-05,6.1,3.6,8.8e-07,6.1,3.6,80,0.2,0.75,0.990532552129238
1e-05,6.1,3.6,8.8e-07,6.1,3.6,80,0.2,0.8,0.991902908957195
1e-05,6.1,3.6,8.8e-07,6.1,3.6,80,0.2,0.85,NA
1e-05,6.1,3.6,8.8e-07,6.1,3.6,80,0.2,0.9,NA
1e-05,6.1,3.6,8.8e-07,6.1,3.6,80,0.2,0.95,NA
1e-05,6.1,3.6,8.8e-07,6.1,3.6,80,0.2,1,NA
1e-05,6.1,3.6,8.8e-07,6.1,3.6,80,0.25,0,0.619984257708263
1e-05,6.1,3.6,8.8e-07,6.1,3.6,80,0.25,0.05,0.758179666257153
1e-05,6.1,3.6,8.8e-07,6.1,3.6,80,0.25,0.1,0.83455803907448
1e-05,6.1,3.6,8.8e-07,6.1,3.6,80,0.25,0.15,0.880748383970775
1e-05,6.1,3.6,8.8e-07,6.1,3.6,80,0.25,0.2,0.910758081855407
1e-05,6.1,3.6,8.8e-07,6.1,3.6,80,0.25,0.25,0.931350756949363
1e-05,6.1,3.6,8.8e-07,6.1,3.6,80,0.25,0.3,0.946081613857294
1e-05,6.1,3.6,8.8e-07,6.1,3.6,80,0.25,0.35,0.95696148638538
1e-05,6.1,3.6,8.8e-07,6.1,3.6,80,0.25,0.4,0.965199569861239
1e-05,6.1,3.6,8.8e-07,6.1,3.6,80,0.25,0.45,0.97156134097466
1e-05,6.1,3.6,8.8e-07,6.1,3.6,80,0.25,0.5,0.976552692030733
1e-05,6.1,3.6,8.8e-07,6.1,3.6,80,0.25,0.55,0.980520195570609
1e-05,6.1,3.6,8.8e-07,6.1,3.6,80,0.25,0.6,0.983708467253318
1e-05,6.1,3.6,8.8e-07,6.1,3.6,80,0.25,0.65,0.986294501037974
1e-05,6.1,3.6,8.8e-07,6.1,3.6,80,0.25,0.7,0.988409045848177
1e-05,6.1,3.6,8.8e-07,6.1,3.6,80,0.25,0.75,0.990150369503606
1e-05,6.1,3.6,8.8e-07,6.1,3.6,80,0.25,0.8,NA
1e-05,6.1,3.6,8.8e-07,6.1,3.6,80,0.25,0.85,NA
1e-05,6.1,3.6,8.8e-07,6.1,3.6,80,0.25,0.9,NA
1e-05,6.1,3.6,8.8e-07,6.1,3.6,80,0.25,0.95,NA
1e-05,6.1,3.6,8.8e-07,6.1,3.6,80,0.25,1,NA
1e-05,6.1,3.6,8.8e-07,6.1,3.6,80,0.3,0,0.540776915697215
1e-05,6.1,3.6,8.8e-07,6.1,3.6,80,0.3,0.05,0.718503406714726
1e-05,6.1,3.6,8.8e-07,6.1,3.6,80,0.3,0.1,0.812573092775725
1e-05,6.1,3.6,8.8e-07,6.1,3.6,80,0.3,0.15,0.867463406000291
1e-05,6.1,3.6,8.8e-07,6.1,3.6,80,0.3,0.2,0.902173622166813
1e-05,6.1,3.6,8.8e-07,6.1,3.6,80,0.3,0.25,0.925515395944466
1e-05,6.1,3.6,8.8e-07,6.1,3.6,80,0.3,0.3,0.941959323048089
1e-05,6.1,3.6,8.8e-07,6.1,3.6,80,0.3,0.35,0.953961917348983
1e-05,6.1,3.6,8.8e-07,6.1,3.6,80,0.3,0.4,0.962966113319984
1e-05,6.1,3.6,8.8e-07,6.1,3.6,80,0.3,0.45,0.969867828647191
1e-05,6.1,3.6,8.8e-07,6.1,3.6,80,0.3,0.5,0.975249757776176
1e-05,6.1,3.6,8.8e-07,6.1,3.6,80,0.3,0.55,0.979505801345593
1e-05,6.1,3.6,8.8e-07,6.1,3.6,80,0.3,0.6,0.982910910600591
1e-05,6.1,3.6,8.8e-07,6.1,3.6,80,0.3,0.65,0.985662217331481
1e-05,6.1,3.6,8.8e-07,6.1,3.6,80,0.3,0.7,0.987904220427103
1e-05,6.1,3.6,8.8e-07,6.1,3.6,80,0.3,0.75,NA
1e-05,6.1,3.6,8.8e-07,6.1,3.6,80,0.3,0.8,NA
1e-05,6.1,3.6,8.8e-07,6.1,3.6,80,0.3,0.85,NA
1e-05,6.1,3.6,8.8e-07,6.1,3.6,80,0.3,0.9,NA
1e-05,6.1,3.6,8.8e-07,6.1,3.6,80,0.3,0.95,NA
1e-05,6.1,3.6,8.8e-07,6.1,3.6,80,0.3,1,NA
1e-05,6.1,3.6,8.8e-07,6.1,3.6,80,0.35,0,0.434687296100826
1e-05,6.1,3.6,8.8e-07,6.1,3.6,80,0.35,0.05,0.667631361748041
1e-05,6.1,3.6,8.8e-07,6.1,3.6,80,0.35,0.1,0.7855674300259
1e-05,6.1,3.6,8.8e-07,6.1,3.6,80,0.35,0.15,0.851685599099379
1e-05,6.1,3.6,8.8e-07,6.1,3.6,80,0.35,0.2,0.892232171451465
1e-05,6.1,3.6,8.8e-07,6.1,3.6,80,0.35,0.25,0.918883957196468
1e-05,6.1,3.6,8.8e-07,6.1,3.6,80,0.35,0.3,0.937341753918425
1e-05,6.1,3.6,8.8e-07,6.1,3.6,80,0.35,0.35,0.950639562687514
1e-05,6.1,3.6,8.8e-07,6.1,3.6,80,0.35,0.4,0.96051433741001
1e-05,6.1,3.6,8.8e-07,6.1,3.6,80,0.35,0.45,0.968022210117292
1e-05,6.1,3.6,8.8e-07,6.1,3.6,80,0.35,0.5,0.973838282974336
1e-05,6.1,3.6,8.8e-07,6.1,3.6,80,0.35,0.55,0.978412428513269
1e-05,6.1,3.6,8.8e-07,6.1,3.6,80,0.35,0.6,0.982054983763775
1e-05,6.1,3.6,8.8e-07,6.1,3.6,80,0.35,0.65,0.984986238821046
1e-05,6.1,3.6,8.8e-07,6.1,3.6,80,0.35,0.7,NA
1e-05,6.1,3.6,8.8e-07,6.1,3.6,80,0.35,0.75,NA
1e-05,6.1,3.6,8.8e-07,6.1,3.6,80,0.35,0.8,NA
1e-05,6.1,3.6,8.8e-07,6.1,3.6,80,0.35,0.85,NA
1e-05,6.1,3.6,8.8e-07,6.1,3.6,80,0.35,0.9,NA
1e-05,6.1,3.6,8.8e-07,6.1,3.6,80,0.35,0.95,NA
1e-05,6.1,3.6,8.8e-07,6.1,3.6,80,0.35,1,NA
1e-05,6.1,3.6,8.8e-07,6.1,3.6,80,0.4,0,0.290711001581049
1e-05,6.1,3.6,8.8e-07,6.1,3.6,80,0.4,0.05,0.601062683064961
1e-05,6.1,3.6,8.8e-07,6.1,3.6,80,0.4,0.1,0.75182767117274
1e-05,6.1,3.6,8.8e-07,6.1,3.6,80,0.4,0.15,0.832709420500649
1e-05,6.1,3.6,8.8e-07,6.1,3.6,80,0.4,0.2,0.880612741524536
1e-05,6.1,3.6,8.8e-07,6.1,3.6,80,0.4,0.25,0.911296067831994
1e-05,6.1,3.6,8.8e-07,6.1,3.6,80,0.4,0.3,0.932142186268641
1e-05,6.1,3.6,8.8e-07,6.1,3.6,80,0.4,0.35,0.946944528383592
1e-05,6.1,3.6,8.8e-07,6.1,3.6,80,0.4,0.4,0.957814088582664
1e-05,6.1,3.6,8.8e-07,6.1,3.6,80,0.4,0.45,0.966005494040127
1e-05,6.1,3.6,8.8e-07,6.1,3.6,80,0.4,0.5,0.972305887557433
1e-05,6.1,3.6,8.8e-07,6.1,3.6,80,0.4,0.55,0.977231797146014
1e-05,6.1,3.6,8.8e-07,6.1,3.6,80,0.4,0.6,0.981135006334234
1e-05,6.1,3.6,8.8e-07,6.1,3.6,80,0.4,0.65,NA
1e-05,6.1,3.6,8.8e-07,6.1,3.6,80,0.4,0.7,NA
1e-05,6.1,3.6,8.8e-07,6.1,3.6,80,0.4,0.75,NA
1e-05,6.1,3.6,8.8e-07,6.1,3.6,80,0.4,0.8,NA
1e-05,6.1,3.6,8.8e-07,6.1,3.6,80,0.4,0.85,NA
1e-05,6.1,3.6,8.8e-07,6.1,3.6,80,0.4,0.9,NA
1e-05,6.1,3.6,8.8e-07,6.1,3.6,80,0.4,0.95,NA
1e-05,6.1,3.6,8.8e-07,6.1,3.6,80,0.4,1,NA
1e-05,6.1,3.6,8.8e-07,6.1,3.6,80,0.45,0,0.0948524242772399
1e-05,6.1,3.6,8.8e-07,6.1,3.6,80,0.45,0.05,0.512167281446419
1e-05,6.1,3.6,8.8e-07,6.1,3.6,80,0.45,0.1,0.708866402561061
1e-05,6.1,3.6,8.8e-07,6.1,3.6,80,0.45,0.15,0.809555031070364
1e-05,6.1,3.6,8.8e-07,6.1,3.6,80,0.45,0.2,0.86688871152486
1e-05,6.1,3.6,8.8e-07,6.1,3.6,80,0.45,0.25,0.902546673255378
1e-05,6.1,3.6,8.8e-07,6.1,3.6,80,0.45,0.3,0.926253168316821
1e-05,6.1,3.6,8.8e-07,6.1,3.6,80,0.45,0.35,0.942816456666956
1e-05,6.1,3.6,8.8e-07,6.1,3.6,80,0.45,0.4,0.954829544729453
1e-05,6.1,3.6,8.8e-07,6.1,3.6,80,0.45,0.45,0.96379546239031
1e-05,6.1,3.6,8.8e-07,6.1,3.6,80,0.45,0.5,0.970638307467776
1e-05,6.1,3.6,8.8e-07,6.1,3.6,80,0.45,0.55,0.975954463706575
1e-05,6.1,3.6,8.8e-07,6.1,3.6,80,0.45,0.6,NA
1e-05,6.1,3.6,8.8e-07,6.1,3.6,80,0.45,0.65,NA
1e-05,6.1,3.6,8.8e-07,6.1,3.6,80,0.45,0.7,NA
1e-05,6.1,3.6,8.8e-07,6.1,3.6,80,0.45,0.75,NA
1e-05,6.1,3.6,8.8e-07,6.1,3.6,80,0.45,0.8,NA
1e-05,6.1,3.6,8.8e-07,6.1,3.6,80,0.45,0.85,NA
1e-05,6.1,3.6,8.8e-07,6.1,3.6,80,0.45,0.9,NA
1e-05,6.1,3.6,8.8e-07,6.1,3.6,80,0.45,0.95,NA
1e-05,6.1,3.6,8.8e-07,6.1,3.6,80,0.45,1,NA
1e-05,6.1,3.6,8.8e-07,6.1,3.6,80,0.5,0,-0.0418592326688236
1e-05,6.1,3.6,8.8e-07,6.1,3.6,80,0.5,0.05,0.391378918706717
1e-05,6.1,3.6,8.8e-07,6.1,3.6,80,0.5,0.1,0.653012579090469
1e-05,6.1,3.6,8.8e-07,6.1,3.6,80,0.5,0.15,0.780833800594173
1e-05,6.1,3.6,8.8e-07,6.1,3.6,80,0.5,0.2,0.85048279288271
1e-05,6.1,3.6,8.8e-07,6.1,3.6,80,0.5,0.25,0.892369557304828
1e-05,6.1,3.6,8.8e-07,6.1,3.6,80,0.5,0.3,0.919539931091625
1e-05,6.1,3.6,8.8e-07,6.1,3.6,80,0.5,0.35,0.938181613134489
1e-05,6.1,3.6,8.8e-07,6.1,3.6,80,0.5,0.4,0.951517866289909
1e-05,6.1,3.6,8.8e-07,6.1,3.6,80,0.5,0.45,0.961366016521162
1e-05,6.1,3.6,8.8e-07,6.1,3.6,80,0.5,0.5,0.968818999254688
1e-05,6.1,3.6,8.8e-07,6.1,3.6,80,0.5,0.55,NA
1e-05,6.1,3.6,8.8e-07,6.1,3.6,80,0.5,0.6,NA
1e-05,6.1,3.6,8.8e-07,6.1,3.6,80,0.5,0.65,NA
1e-05,6.1,3.6,8.8e-07,6.1,3.6,80,0.5,0.7,NA
1e-05,6.1,3.6,8.8e-07,6.1,3.6,80,0.5,0.75,NA
1e-05,6.1,3.6,8.8e-07,6.1,3.6,80,0.5,0.8,NA
1e-05,6.1,3.6,8.8e-07,6.1,3.6,80,0.5,0.85,NA
1e-05,6.1,3.6,8.8e-07,6.1,3.6,80,0.5,0.9,NA
1e-05,6.1,3.6,8.8e-07,6.1,3.6,80,0.5,0.95,NA
1e-05,6.1,3.6,8.8e-07,6.1,3.6,80,0.5,1,NA
1e-05,6.1,3.6,8.8e-07,6.1,3.6,80,0.55,0,-0.12613613327792
1e-05,6.1,3.6,8.8e-07,6.1,3.6,80,0.55,0.05,0.22565323617818
1e-05,6.1,3.6,8.8e-07,6.1,3.6,80,0.55,0.1,0.578805361539995
1e-05,6.1,3.6,8.8e-07,6.1,3.6,80,0.55,0.15,0.744536143769004
1e-05,6.1,3.6,8.8e-07,6.1,3.6,80,0.55,0.2,0.830598513164763
1e-05,6.1,3.6,8.8e-07,6.1,3.6,80,0.55,0.25,0.880413313289109
1e-05,6.1,3.6,8.8e-07,6.1,3.6,80,0.55,0.3,0.911831208456759
1e-05,6.1,3.6,8.8e-07,6.1,3.6,80,0.55,0.35,0.932949137092089
1e-05,6.1,3.6,8.8e-07,6.1,3.6,80,0.55,0.4,0.947827458218273
1e-05,6.1,3.6,8.8e-07,6.1,3.6,80,0.55,0.45,0.958686261675364
1e-05,6.1,3.6,8.8e-07,6.1,3.6,80,0.55,0.5,NA
1e-05,6.1,3.6,8.8e-07,6.1,3.6,80,0.55,0.55,NA
1e-05,6.1,3.6,8.8e-07,6.1,3.6,80,0.55,0.6,NA
1e-05,6.1,3.6,8.8e-07,6.1,3.6,80,0.55,0.65,NA
1e-05,6.1,3.6,8.8e-07,6.1,3.6,80,0.55,0.7,NA
1e-05,6.1,3.6,8.8e-07,6.1,3.6,80,0.55,0.75,NA
1e-05,6.1,3.6,8.8e-07,6.1,3.6,80,0.55,0.8,NA
1e-05,6.1,3.6,8.8e-07,6.1,3.6,80,0.55,0.85,NA
1e-05,6.1,3.6,8.8e-07,6.1,3.6,80,0.55,0.9,NA
1e-05,6.1,3.6,8.8e-07,6.1,3.6,80,0.55,0.95,NA
1e-05,6.1,3.6,8.8e-07,6.1,3.6,80,0.55,1,NA
1e-05,6.1,3.6,8.8e-07,6.1,3.6,80,0.6,0,-0.227084972451078
1e-05,6.1,3.6,8.8e-07,6.1,3.6,80,0.6,0.05,-0.000188783129961152
1e-05,6.1,3.6,8.8e-07,6.1,3.6,80,0.6,0.1,0.478185557307627
1e-05,6.1,3.6,8.8e-07,6.1,3.6,80,0.6,0.15,0.6976972826939
1e-05,6.1,3.6,8.8e-07,6.1,3.6,80,0.6,0.2,0.806113794145852
1e-05,6.1,3.6,8.8e-07,6.1,3.6,80,0.6,0.25,0.866205731662694
1e-05,6.1,3.6,8.8e-07,6.1,3.6,80,0.6,0.3,0.902906048928321
1e-05,6.1,3.6,8.8e-07,6.1,3.6,80,0.6,0.35,0.927005669150258
1e-05,6.1,3.6,8.8e-07,6.1,3.6,80,0.6,0.4,0.943695601815422
1e-05,6.1,3.6,8.8e-07,6.1,3.6,80,0.6,0.45,NA
1e-05,6.1,3.6,8.8e-07,6.1,3.6,80,0.6,0.5,NA
1e-05,6.1,3.6,8.8e-07,6.1,3.6,80,0.6,0.55,NA
1e-05,6.1,3.6,8.8e-07,6.1,3.6,80,0.6,0.6,NA
1e-05,6.1,3.6,8.8e-07,6.1,3.6,80,0.6,0.65,NA
1e-05,6.1,3.6,8.8e-07,6.1,3.6,80,0.6,0.7,NA
1e-05,6.1,3.6,8.8e-07,6.1,3.6,80,0.6,0.75,NA
1e-05,6.1,3.6,8.8e-07,6.1,3.6,80,0.6,0.8,NA
1e-05,6.1,3.6,8.8e-07,6.1,3.6,80,0.6,0.85,NA
1e-05,6.1,3.6,8.8e-07,6.1,3.6,80,0.6,0.9,NA
1e-05,6.1,3.6,8.8e-07,6.1,3.6,80,0.6,0.95,NA
1e-05,6.1,3.6,8.8e-07,6.1,3.6,80,0.6,1,NA
1e-05,6.1,3.6,8.8e-07,6.1,3.6,80,0.65,0,-0.337106015967333
1e-05,6.1,3.6,8.8e-07,6.1,3.6,80,0.65,0.05,-0.0755241470985274
1e-05,6.1,3.6,8.8e-07,6.1,3.6,80,0.65,0.1,0.339632026235023
1e-05,6.1,3.6,8.8e-07,6.1,3.6,80,0.65,0.15,0.63588769347945
1e-05,6.1,3.6,8.8e-07,6.1,3.6,80,0.65,0.2,0.775412881675863
1e-05,6.1,3.6,8.8e-07,6.1,3.6,80,0.65,0.25,0.849100045419859
1e-05,6.1,3.6,8.8e-07,6.1,3.6,80,0.65,0.3,0.892474858397054
1e-05,6.1,3.6,8.8e-07,6.1,3.6,80,0.65,0.35,0.920208043500788
1e-05,6.1,3.6,8.8e-07,6.1,3.6,80,0.65,0.4,NA
1e-05,6.1,3.6,8.8e-07,6.1,3.6,80,0.65,0.45,NA
1e-05,6.1,3.6,8.8e-07,6.1,3.6,80,0.65,0.5,NA
1e-05,6.1,3.6,8.8e-07,6.1,3.6,80,0.65,0.55,NA
1e-05,6.1,3.6,8.8e-07,6.1,3.6,80,0.65,0.6,NA
1e-05,6.1,3.6,8.8e-07,6.1,3.6,80,0.65,0.65,NA
1e-05,6.1,3.6,8.8e-07,6.1,3.6,80,0.65,0.7,NA
1e-05,6.1,3.6,8.8e-07,6.1,3.6,80,0.65,0.75,NA
1e-05,6.1,3.6,8.8e-07,6.1,3.6,80,0.65,0.8,NA
1e-05,6.1,3.6,8.8e-07,6.1,3.6,80,0.65,0.85,NA
1e-05,6.1,3.6,8.8e-07,6.1,3.6,80,0.65,0.9,NA
1e-05,6.1,3.6,8.8e-07,6.1,3.6,80,0.65,0.95,NA
1e-05,6.1,3.6,8.8e-07,6.1,3.6,80,0.65,1,NA
1e-05,6.1,3.6,8.8e-07,6.1,3.6,80,0.7,0,-0.445468616318412
1e-05,6.1,3.6,8.8e-07,6.1,3.6,80,0.7,0.05,-0.170387493751972
1e-05,6.1,3.6,8.8e-07,6.1,3.6,80,0.7,0.1,0.147824998839819
1e-05,6.1,3.6,8.8e-07,6.1,3.6,80,0.7,0.15,0.552480311952027
1e-05,6.1,3.6,8.8e-07,6.1,3.6,80,0.7,0.2,0.736119640249158
1e-05,6.1,3.6,8.8e-07,6.1,3.6,80,0.7,0.25,0.828191417489731
1e-05,6.1,3.6,8.8e-07,6.1,3.6,80,0.7,0.3,0.88015136666689
1e-05,6.1,3.6,8.8e-07,6.1,3.6,80,0.7,0.35,NA
1e-05,6.1,3.6,8.8e-07,6.1,3.6,80,0.7,0.4,NA
1e-05,6.1,3.6,8.8e-07,6.1,3.6,80,0.7,0.45,NA
1e-05,6.1,3.6,8.8e-07,6.1,3.6,80,0.7,0.5,NA
1e-05,6.1,3.6,8.8e-07,6.1,3.6,80,0.7,0.55,NA
1e-05,6.1,3.6,8.8e-07,6.1,3.6,80,0.7,0.6,NA
1e-05,6.1,3.6,8.8e-07,6.1,3.6,80,0.7,0.65,NA
1e-05,6.1,3.6,8.8e-07,6.1,3.6,80,0.7,0.7,NA
1e-05,6.1,3.6,8.8e-07,6.1,3.6,80,0.7,0.75,NA
1e-05,6.1,3.6,8.8e-07,6.1,3.6,80,0.7,0.8,NA
1e-05,6.1,3.6,8.8e-07,6.1,3.6,80,0.7,0.85,NA
1e-05,6.1,3.6,8.8e-07,6.1,3.6,80,0.7,0.9,NA
1e-05,6.1,3.6,8.8e-07,6.1,3.6,80,0.7,0.95,NA
1e-05,6.1,3.6,8.8e-07,6.1,3.6,80,0.7,1,NA
1e-05,6.1,3.6,8.8e-07,6.1,3.6,80,0.75,0,-0.543334592394481
1e-05,6.1,3.6,8.8e-07,6.1,3.6,80,0.75,0.05,-0.279976382787574
1e-05,6.1,3.6,8.8e-07,6.1,3.6,80,0.75,0.1,-0.0286334191377734
1e-05,6.1,3.6,8.8e-07,6.1,3.6,80,0.75,0.15,0.437699053138996
1e-05,6.1,3.6,8.8e-07,6.1,3.6,80,0.75,0.2,0.684683665853269
1e-05,6.1,3.6,8.8e-07,6.1,3.6,80,0.75,0.25,0.802185327066444
1e-05,6.1,3.6,8.8e-07,6.1,3.6,80,0.75,0.3,NA
1e-05,6.1,3.6,8.8e-07,6.1,3.6,80,0.75,0.35,NA
1e-05,6.1,3.6,8.8e-07,6.1,3.6,80,0.75,0.4,NA
1e-05,6.1,3.6,8.8e-07,6.1,3.6,80,0.75,0.45,NA
1e-05,6.1,3.6,8.8e-07,6.1,3.6,80,0.75,0.5,NA
1e-05,6.1,3.6,8.8e-07,6.1,3.6,80,0.75,0.55,NA
1e-05,6.1,3.6,8.8e-07,6.1,3.6,80,0.75,0.6,NA
1e-05,6.1,3.6,8.8e-07,6.1,3.6,80,0.75,0.65,NA
1e-05,6.1,3.6,8.8e-07,6.1,3.6,80,0.75,0.7,NA
1e-05,6.1,3.6,8.8e-07,6.1,3.6,80,0.75,0.75,NA
1e-05,6.1,3.6,8.8e-07,6.1,3.6,80,0.75,0.8,NA
1e-05,6.1,3.6,8.8e-07,6.1,3.6,80,0.75,0.85,NA
1e-05,6.1,3.6,8.8e-07,6.1,3.6,80,0.75,0.9,NA
1e-05,6.1,3.6,8.8e-07,6.1,3.6,80,0.75,0.95,NA
1e-05,6.1,3.6,8.8e-07,6.1,3.6,80,0.75,1,NA
1e-05,6.1,3.6,8.8e-07,6.1,3.6,80,0.8,0,-0.626651638866383
1e-05,6.1,3.6,8.8e-07,6.1,3.6,80,0.8,0.05,-0.393906599747648
1e-05,6.1,3.6,8.8e-07,6.1,3.6,80,0.8,0.1,-0.11495748618104
1e-05,6.1,3.6,8.8e-07,6.1,3.6,80,0.8,0.15,0.277677039988047
1e-05,6.1,3.6,8.8e-07,6.1,3.6,80,0.8,0.2,0.615756684124496
1e-05,6.1,3.6,8.8e-07,6.1,3.6,80,0.8,0.25,NA
1e-05,6.1,3.6,8.8e-07,6.1,3.6,80,0.8,0.3,NA
1e-05,6.1,3.6,8.8e-07,6.1,3.6,80,0.8,0.35,NA
1e-05,6.1,3.6,8.8e-07,6.1,3.6,80,0.8,0.4,NA
1e-05,6.1,3.6,8.8e-07,6.1,3.6,80,0.8,0.45,NA
1e-05,6.1,3.6,8.8e-07,6.1,3.6,80,0.8,0.5,NA
1e-05,6.1,3.6,8.8e-07,6.1,3.6,80,0.8,0.55,NA
1e-05,6.1,3.6,8.8e-07,6.1,3.6,80,0.8,0.6,NA
1e-05,6.1,3.6,8.8e-07,6.1,3.6,80,0.8,0.65,NA
1e-05,6.1,3.6,8.8e-07,6.1,3.6,80,0.8,0.7,NA
1e-05,6.1,3.6,8.8e-07,6.1,3.6,80,0.8,0.75,NA
1e-05,6.1,3.6,8.8e-07,6.1,3.6,80,0.8,0.8,NA
1e-05,6.1,3.6,8.8e-07,6.1,3.6,80,0.8,0.85,NA
1e-05,6.1,3.6,8.8e-07,6.1,3.6,80,0.8,0.9,NA
1e-05,6.1,3.6,8.8e-07,6.1,3.6,80,0.8,0.95,NA
1e-05,6.1,3.6,8.8e-07,6.1,3.6,80,0.8,1,NA
1e-05,6.1,3.6,8.8e-07,6.1,3.6,80,0.85,0,-0.695433562250031
1e-05,6.1,3.6,8.8e-07,6.1,3.6,80,0.85,0.05,-0.500877591654595
1e-05,6.1,3.6,8.8e-07,6.1,3.6,80,0.85,0.1,-0.22065553224394
1e-05,6.1,3.6,8.8e-07,6.1,3.6,80,0.85,0.15,0.0545152833961936
1e-05,6.1,3.6,8.8e-07,6.1,3.6,80,0.85,0.2,NA
1e-05,6.1,3.6,8.8e-07,6.1,3.6,80,0.85,0.25,NA
1e-05,6.1,3.6,8.8e-07,6.1,3.6,80,0.85,0.3,NA
1e-05,6.1,3.6,8.8e-07,6.1,3.6,80,0.85,0.35,NA
1e-05,6.1,3.6,8.8e-07,6.1,3.6,80,0.85,0.4,NA
1e-05,6.1,3.6,8.8e-07,6.1,3.6,80,0.85,0.45,NA
1e-05,6.1,3.6,8.8e-07,6.1,3.6,80,0.85,0.5,NA
1e-05,6.1,3.6,8.8e-07,6.1,3.6,80,0.85,0.55,NA
1e-05,6.1,3.6,8.8e-07,6.1,3.6,80,0.85,0.6,NA
1e-05,6.1,3.6,8.8e-07,6.1,3.6,80,0.85,0.65,NA
1e-05,6.1,3.6,8.8e-07,6.1,3.6,80,0.85,0.7,NA
1e-05,6.1,3.6,8.8e-07,6.1,3.6,80,0.85,0.75,NA
1e-05,6.1,3.6,8.8e-07,6.1,3.6,80,0.85,0.8,NA
1e-05,6.1,3.6,8.8e-07,6.1,3.6,80,0.85,0.85,NA
1e-05,6.1,3.6,8.8e-07,6.1,3.6,80,0.85,0.9,NA
1e-05,6.1,3.6,8.8e-07,6.1,3.6,80,0.85,0.95,NA
1e-05,6.1,3.6,8.8e-07,6.1,3.6,80,0.85,1,NA
1e-05,6.1,3.6,8.8e-07,6.1,3.6,80,0.9,0,-0.751706265556926
1e-05,6.1,3.6,8.8e-07,6.1,3.6,80,0.9,0.05,-0.59382406645369
1e-05,6.1,3.6,8.8e-07,6.1,3.6,80,0.9,0.1,-0.337477361251093
1e-05,6.1,3.6,8.8e-07,6.1,3.6,80,0.9,0.15,NA
1e-05,6.1,3.6,8.8e-07,6.1,3.6,80,0.9,0.2,NA
1e-05,6.1,3.6,8.8e-07,6.1,3.6,80,0.9,0.25,NA
1e-05,6.1,3.6,8.8e-07,6.1,3.6,80,0.9,0.3,NA
1e-05,6.1,3.6,8.8e-07,6.1,3.6,80,0.9,0.35,NA
1e-05,6.1,3.6,8.8e-07,6.1,3.6,80,0.9,0.4,NA
1e-05,6.1,3.6,8.8e-07,6.1,3.6,80,0.9,0.45,NA
1e-05,6.1,3.6,8.8e-07,6.1,3.6,80,0.9,0.5,NA
1e-05,6.1,3.6,8.8e-07,6.1,3.6,80,0.9,0.55,NA
1e-05,6.1,3.6,8.8e-07,6.1,3.6,80,0.9,0.6,NA
1e-05,6.1,3.6,8.8e-07,6.1,3.6,80,0.9,0.65,NA
1e-05,6.1,3.6,8.8e-07,6.1,3.6,80,0.9,0.7,NA
1e-05,6.1,3.6,8.8e-07,6.1,3.6,80,0.9,0.75,NA
1e-05,6.1,3.6,8.8e-07,6.1,3.6,80,0.9,0.8,NA
1e-05,6.1,3.6,8.8e-07,6.1,3.6,80,0.9,0.85,NA
1e-05,6.1,3.6,8.8e-07,6.1,3.6,80,0.9,0.9,NA
1e-05,6.1,3.6,8.8e-07,6.1,3.6,80,0.9,0.95,NA
1e-05,6.1,3.6,8.8e-07,6.1,3.6,80,0.9,1,NA
1e-05,6.1,3.6,8.8e-07,6.1,3.6,80,0.95,0,-0.797981095816383
1e-05,6.1,3.6,8.8e-07,6.1,3.6,80,0.95,0.05,-0.670978782496349
1e-05,6.1,3.6,8.8e-07,6.1,3.6,80,0.95,0.1,NA
1e-05,6.1,3.6,8.8e-07,6.1,3.6,80,0.95,0.15,NA
1e-05,6.1,3.6,8.8e-07,6.1,3.6,80,0.95,0.2,NA
1e-05,6.1,3.6,8.8e-07,6.1,3.6,80,0.95,0.25,NA
1e-05,6.1,3.6,8.8e-07,6.1,3.6,80,0.95,0.3,NA
1e-05,6.1,3.6,8.8e-07,6.1,3.6,80,0.95,0.35,NA
1e-05,6.1,3.6,8.8e-07,6.1,3.6,80,0.95,0.4,NA
1e-05,6.1,3.6,8.8e-07,6.1,3.6,80,0.95,0.45,NA
1e-05,6.1,3.6,8.8e-07,6.1,3.6,80,0.95,0.5,NA
1e-05,6.1,3.6,8.8e-07,6.1,3.6,80,0.95,0.55,NA
1e-05,6.1,3.6,8.8e-07,6.1,3.6,80,0.95,0.6,NA
1e-05,6.1,3.6,8.8e-07,6.1,3.6,80,0.95,0.65,NA
1e-05,6.1,3.6,8.8e-07,6.1,3.6,80,0.95,0.7,NA
1e-05,6.1,3.6,8.8e-07,6.1,3.6,80,0.95,0.75,NA
1e-05,6.1,3.6,8.8e-07,6.1,3.6,80,0.95,0.8,NA
1e-05,6.1,3.6,8.8e-07,6.1,3.6,80,0.95,0.85,NA
1e-05,6.1,3.6,8.8e-07,6.1,3.6,80,0.95,0.9,NA
1e-05,6.1,3.6,8.8e-07,6.1,3.6,80,0.95,0.95,NA
1e-05,6.1,3.6,8.8e-07,6.1,3.6,80,0.95,1,NA
1e-05,6.1,3.6,8.8e-07,6.1,3.6,80,1,0,-0.836553262727099
1e-05,6.1,3.6,8.8e-07,6.1,3.6,80,1,0.05,NA
1e-05,6.1,3.6,8.8e-07,6.1,3.6,80,1,0.1,NA
1e-05,6.1,3.6,8.8e-07,6.1,3.6,80,1,0.15,NA
1e-05,6.1,3.6,8.8e-07,6.1,3.6,80,1,0.2,NA
1e-05,6.1,3.6,8.8e-07,6.1,3.6,80,1,0.25,NA
1e-05,6.1,3.6,8.8e-07,6.1,3.6,80,1,0.3,NA
1e-05,6.1,3.6,8.8e-07,6.1,3.6,80,1,0.35,NA
1e-05,6.1,3.6,8.8e-07,6.1,3.6,80,1,0.4,NA
1e-05,6.1,3.6,8.8e-07,6.1,3.6,80,1,0.45,NA
1e-05,6.1,3.6,8.8e-07,6.1,3.6,80,1,0.5,NA
1e-05,6.1,3.6,8.8e-07,6.1,3.6,80,1,0.55,NA
1e-05,6.1,3.6,8.8e-07,6.1,3.6,80,1,0.6,NA
1e-05,6.1,3.6,8.8e-07,6.1,3.6,80,1,0.65,NA
1e-05,6.1,3.6,8.8e-07,6.1,3.6,80,1,0.7,NA
1e-05,6.1,3.6,8.8e-07,6.1,3.6,80,1,0.75,NA
1e-05,6.1,3.6,8.8e-07,6.1,3.6,80,1,0.8,NA
1e-05,6.1,3.6,8.8e-07,6.1,3.6,80,1,0.85,NA
1e-05,6.1,3.6,8.8e-07,6.1,3.6,80,1,0.9,NA
1e-05,6.1,3.6,8.8e-07,6.1,3.6,80,1,0.95,NA
1e-05,6.1,3.6,8.8e-07,6.1,3.6,80,1,1,NA
