betaK,deltaK,cK,betaE,deltaE,cE,percK,fX1,fX3,riskscore
2.7e-06,6.1,3,2.7e-06,6.1,3,80,0,0,0.821616302438686
2.7e-06,6.1,3,2.7e-06,6.1,3,80,0,0.05,0.865022006871273
2.7e-06,6.1,3,2.7e-06,6.1,3,80,0,0.1,0.895643566966378
2.7e-06,6.1,3,2.7e-06,6.1,3,80,0,0.15,0.91790217783172
2.7e-06,6.1,3,2.7e-06,6.1,3,80,0,0.2,0.934503027882679
2.7e-06,6.1,3,2.7e-06,6.1,3,80,0,0.25,0.947154960139195
2.7e-06,6.1,3,2.7e-06,6.1,3,80,0,0.3,0.956972397336108
2.7e-06,6.1,3,2.7e-06,6.1,3,80,0,0.35,0.964704736225421
2.7e-06,6.1,3,2.7e-06,6.1,3,80,0,0.4,0.970870362136541
2.7e-06,6.1,3,2.7e-06,6.1,3,80,0,0.45,0.975837258960722
2.7e-06,6.1,3,2.7e-06,6.1,3,80,0,0.5,0.97987271357725
2.7e-06,6.1,3,2.7e-06,6.1,3,80,0,0.55,0.983174864851426
2.7e-06,6.1,3,2.7e-06,6.1,3,80,0,0.6,0.985893254510541
2.7e-06,6.1,3,2.7e-06,6.1,3,80,0,0.65,0.988142494909124
2.7e-06,6.1,3,2.7e-06,6.1,3,80,0,0.7,0.990011641564124
2.7e-06,6.1,3,2.7e-06,6.1,3,80,0,0.75,0.991570703808443
2.7e-06,6.1,3,2.7e-06,6.1,3,80,0,0.8,0.992875283289422
2.7e-06,6.1,3,2.7e-06,6.1,3,80,0,0.85,0.993969934944712
2.7e-06,6.1,3,2.7e-06,6.1,3,80,0,0.9,0.994890634684617
2.7e-06,6.1,3,2.7e-06,6.1,3,80,0,0.95,0.99566663304641
2.7e-06,6.1,3,2.7e-06,6.1,3,80,0,1,0.996321850678905
2.7e-06,6.1,3,2.7e-06,6.1,3,80,0.05,0,0.765148659193581
2.7e-06,6.1,3,2.7e-06,6.1,3,80,0.05,0.05,0.824950802293719
2.7e-06,6.1,3,2.7e-06,6.1,3,80,0.05,0.1,0.866390113300586
2.7e-06,6.1,3,2.7e-06,6.1,3,80,0.05,0.15,0.89599066169917
2.7e-06,6.1,3,2.7e-06,6.1,3,80,0.05,0.2,0.917718235751223
2.7e-06,6.1,3,2.7e-06,6.1,3,80,0.05,0.25,0.934047592585384
2.7e-06,6.1,3,2.7e-06,6.1,3,80,0.05,0.3,0.946568492161171
2.7e-06,6.1,3,2.7e-06,6.1,3,80,0.05,0.35,0.956332439464828
2.7e-06,6.1,3,2.7e-06,6.1,3,80,0.05,0.4,0.964054672743188
2.7e-06,6.1,3,2.7e-06,6.1,3,80,0.05,0.45,0.970234618888082
2.7e-06,6.1,3,2.7e-06,6.1,3,80,0.05,0.5,0.975229401508929
2.7e-06,6.1,3,2.7e-06,6.1,3,80,0.05,0.55,0.979299956304176
2.7e-06,6.1,3,2.7e-06,6.1,3,80,0.05,0.6,0.982640627579646
2.7e-06,6.1,3,2.7e-06,6.1,3,80,0.05,0.65,0.985398617831951
2.7e-06,6.1,3,2.7e-06,6.1,3,80,0.05,0.7,0.987687118217605
2.7e-06,6.1,3,2.7e-06,6.1,3,80,0.05,0.75,0.989594296021916
2.7e-06,6.1,3,2.7e-06,6.1,3,80,0.05,0.8,0.991189626086437
2.7e-06,6.1,3,2.7e-06,6.1,3,80,0.05,0.85,0.992528400920061
2.7e-06,6.1,3,2.7e-06,6.1,3,80,0.05,0.9,0.9936550123542
2.7e-06,6.1,3,2.7e-06,6.1,3,80,0.05,0.95,0.994605380935412
2.7e-06,6.1,3,2.7e-06,6.1,3,80,0.05,1,NA
2.7e-06,6.1,3,2.7e-06,6.1,3,80,0.1,0,0.688927342834665
2.7e-06,6.1,3,2.7e-06,6.1,3,80,0.1,0.05,0.771520960721504
2.7e-06,6.1,3,2.7e-06,6.1,3,80,0.1,0.1,0.827941695161453
2.7e-06,6.1,3,2.7e-06,6.1,3,80,0.1,0.15,0.86761032516836
2.7e-06,6.1,3,2.7e-06,6.1,3,80,0.1,0.2,0.896277709087692
2.7e-06,6.1,3,2.7e-06,6.1,3,80,0.1,0.25,0.917514448007535
2.7e-06,6.1,3,2.7e-06,6.1,3,80,0.1,0.3,0.933590974738453
2.7e-06,6.1,3,2.7e-06,6.1,3,80,0.1,0.35,0.945989476844246
2.7e-06,6.1,3,2.7e-06,6.1,3,80,0.1,0.4,0.95570368495206
2.7e-06,6.1,3,2.7e-06,6.1,3,80,0.1,0.45,0.963417144101551
2.7e-06,6.1,3,2.7e-06,6.1,3,80,0.1,0.5,0.969611437036118
2.7e-06,6.1,3,2.7e-06,6.1,3,80,0.1,0.55,0.974633463211854
2.7e-06,6.1,3,2.7e-06,6.1,3,80,0.1,0.6,0.978738125124478
2.7e-06,6.1,3,2.7e-06,6.1,3,80,0.1,0.65,0.982116139987363
2.7e-06,6.1,3,2.7e-06,6.1,3,80,0.1,0.7,0.984912514219803
2.7e-06,6.1,3,2.7e-06,6.1,3,80,0.1,0.75,0.987239066812871
2.7e-06,6.1,3,2.7e-06,6.1,3,80,0.1,0.8,0.989183127877735
2.7e-06,6.1,3,2.7e-06,6.1,3,80,0.1,0.85,0.990813654083123
2.7e-06,6.1,3,2.7e-06,6.1,3,80,0.1,0.9,0.992185638349911
2.7e-06,6.1,3,2.7e-06,6.1,3,80,0.1,0.95,NA
2.7e-06,6.1,3,2.7e-06,6.1,3,80,0.1,1,NA
2.7e-06,6.1,3,2.7e-06,6.1,3,80,0.15,0,0.586706110797807
2.7e-06,6.1,3,2.7e-06,6.1,3,80,0.15,0.05,0.700287525203004
2.7e-06,6.1,3,2.7e-06,6.1,3,80,0.15,0.1,0.777224562714886
2.7e-06,6.1,3,2.7e-06,6.1,3,80,0.15,0.15,0.830641548029689
2.7e-06,6.1,3,2.7e-06,6.1,3,80,0.15,0.2,0.868707213591704
2.7e-06,6.1,3,2.7e-06,6.1,3,80,0.15,0.25,0.896516150223686
2.7e-06,6.1,3,2.7e-06,6.1,3,80,0.15,0.3,0.917295462569445
2.7e-06,6.1,3,2.7e-06,6.1,3,80,0.15,0.35,0.933133970171124
2.7e-06,6.1,3,2.7e-06,6.1,3,80,0.15,0.4,0.945416473214578
2.7e-06,6.1,3,2.7e-06,6.1,3,80,0.15,0.45,0.955083464894515
2.7e-06,6.1,3,2.7e-06,6.1,3,80,0.15,0.5,0.962788820886331
2.7e-06,6.1,3,2.7e-06,6.1,3,80,0.15,0.55,0.968997287213162
2.7e-06,6.1,3,2.7e-06,6.1,3,80,0.15,0.6,0.974045944780768
2.7e-06,6.1,3,2.7e-06,6.1,3,80,0.15,0.65,0.978183911640149
2.7e-06,6.1,3,2.7e-06,6.1,3,80,0.15,0.7,0.981598406864825
2.7e-06,6.1,3,2.7e-06,6.1,3,80,0.15,0.75,0.984432284739287
2.7e-06,6.1,3,2.7e-06,6.1,3,80,0.15,0.8,0.9867960385056
2.7e-06,6.1,3,2.7e-06,6.1,3,80,0.15,0.85,0.988776163419412
2.7e-06,6.1,3,2.7e-06,6.1,3,80,0.15,0.9,NA
2.7e-06,6.1,3,2.7e-06,6.1,3,80,0.15,0.95,NA
2.7e-06,6.1,3,2.7e-06,6.1,3,80,0.15,1,NA
2.7e-06,6.1,3,2.7e-06,6.1,3,80,0.2,0,0.451651432417579
2.7e-06,6.1,3,2.7e-06,6.1,3,80,0.2,0.05,0.605910762073049
2.7e-06,6.1,3,2.7e-06,6.1,3,80,0.2,0.1,0.710379484154252
2.7e-06,6.1,3,2.7e-06,6.1,3,80,0.2,0.15,0.782365637955211
2.7e-06,6.1,3,2.7e-06,6.1,3,80,0.2,0.2,0.833097740835467
2.7e-06,6.1,3,2.7e-06,6.1,3,80,0.2,0.25,0.869702776917098
2.7e-06,6.1,3,2.7e-06,6.1,3,80,0.2,0.3,0.896716088507681
2.7e-06,6.1,3,2.7e-06,6.1,3,80,0.2,0.35,0.917065205135004
2.7e-06,6.1,3,2.7e-06,6.1,3,80,0.2,0.4,0.932677157053316
2.7e-06,6.1,3,2.7e-06,6.1,3,80,0.2,0.45,0.944848124895399
2.7e-06,6.1,3,2.7e-06,6.1,3,80,0.2,0.5,0.9544693378068
2.7e-06,6.1,3,2.7e-06,6.1,3,80,0.2,0.55,0.962166758906619
2.7e-06,6.1,3,2.7e-06,6.1,3,80,0.2,0.6,0.968389015204732
2.7e-06,6.1,3,2.7e-06,6.1,3,80,0.2,0.65,0.97346375683946
2.7e-06,6.1,3,2.7e-06,6.1,3,80,0.2,0.7,0.977634430819184
2.7e-06,6.1,3,2.7e-06,6.1,3,80,0.2,0.75,0.981084813836392
2.7e-06,6.1,3,2.7e-06,6.1,3,80,0.2,0.8,0.983955624923088
2.7e-06,6.1,3,2.7e-06,6.1,3,80,0.2,0.85,NA
2.7e-06,6.1,3,2.7e-06,6.1,3,80,0.2,0.9,NA
2.7e-06,6.1,3,2.7e-06,6.1,3,80,0.2,0.95,NA
2.7e-06,6.1,3,2.7e-06,6.1,3,80,0.2,1,NA
2.7e-06,6.1,3,2.7e-06,6.1,3,80,0.25,0,0.277540359051818
2.7e-06,6.1,3,2.7e-06,6.1,3,80,0.25,0.05,0.482529890949689
2.7e-06,6.1,3,2.7e-06,6.1,3,80,0.25,0.1,0.622810650275232
2.7e-06,6.1,3,2.7e-06,6.1,3,80,0.25,0.15,0.719412437082329
2.7e-06,6.1,3,2.7e-06,6.1,3,80,0.25,0.2,0.787034446546831
2.7e-06,6.1,3,2.7e-06,6.1,3,80,0.25,0.25,0.835350210112971
2.7e-06,6.1,3,2.7e-06,6.1,3,80,0.25,0.3,0.870614895484122
2.7e-06,6.1,3,2.7e-06,6.1,3,80,0.25,0.35,0.896885179640378
2.7e-06,6.1,3,2.7e-06,6.1,3,80,0.25,0.4,0.916826266724947
2.7e-06,6.1,3,2.7e-06,6.1,3,80,0.25,0.45,0.932220381881016
2.7e-06,6.1,3,2.7e-06,6.1,3,80,0.25,0.5,0.944282825492217
2.7e-06,6.1,3,2.7e-06,6.1,3,80,0.25,0.55,0.953858916573077
2.7e-06,6.1,3,2.7e-06,6.1,3,80,0.25,0.6,0.961548200728756
2.7e-06,6.1,3,2.7e-06,6.1,3,80,0.25,0.65,0.967783834430949
2.7e-06,6.1,3,2.7e-06,6.1,3,80,0.25,0.7,0.972884225579736
2.7e-06,6.1,3,2.7e-06,6.1,3,80,0.25,0.75,0.977087230522977
2.7e-06,6.1,3,2.7e-06,6.1,3,80,0.25,0.8,NA
2.7e-06,6.1,3,2.7e-06,6.1,3,80,0.25,0.85,NA
2.7e-06,6.1,3,2.7e-06,6.1,3,80,0.25,0.9,NA
2.7e-06,6.1,3,2.7e-06,6.1,3,80,0.25,0.95,NA
2.7e-06,6.1,3,2.7e-06,6.1,3,80,0.25,1,NA
2.7e-06,6.1,3,2.7e-06,6.1,3,80,0.3,0,0.0607331609758974
2.7e-06,6.1,3,2.7e-06,6.1,3,80,0.3,0.05,0.324629610403448
2.7e-06,6.1,3,2.7e-06,6.1,3,80,0.3,0.1,0.509465260672343
2.7e-06,6.1,3,2.7e-06,6.1,3,80,0.3,0.15,0.637800890639836
2.7e-06,6.1,3,2.7e-06,6.1,3,80,0.3,0.2,0.727558091361942
2.7e-06,6.1,3,2.7e-06,6.1,3,80,0.3,0.25,0.791304701504652
2.7e-06,6.1,3,2.7e-06,6.1,3,80,0.3,0.3,0.837430498764503
2.7e-06,6.1,3,2.7e-06,6.1,3,80,0.3,0.35,0.871456763206071
2.7e-06,6.1,3,2.7e-06,6.1,3,80,0.3,0.4,0.89702829743294
2.7e-06,6.1,3,2.7e-06,6.1,3,80,0.3,0.45,0.916579582236386
2.7e-06,6.1,3,2.7e-06,6.1,3,80,0.3,0.5,0.931762664715923
2.7e-06,6.1,3,2.7e-06,6.1,3,80,0.3,0.55,0.943718591136183
2.7e-06,6.1,3,2.7e-06,6.1,3,80,0.3,0.6,0.953249808502744
2.7e-06,6.1,3,2.7e-06,6.1,3,80,0.3,0.65,0.960930681415408
2.7e-06,6.1,3,2.7e-06,6.1,3,80,0.3,0.7,0.967179359280875
2.7e-06,6.1,3,2.7e-06,6.1,3,80,0.3,0.75,NA
2.7e-06,6.1,3,2.7e-06,6.1,3,80,0.3,0.8,NA
2.7e-06,6.1,3,2.7e-06,6.1,3,80,0.3,0.85,NA
2.7e-06,6.1,3,2.7e-06,6.1,3,80,0.3,0.9,NA
2.7e-06,6.1,3,2.7e-06,6.1,3,80,0.3,0.95,NA
2.7e-06,6.1,3,2.7e-06,6.1,3,80,0.3,1,NA
2.7e-06,6.1,3,2.7e-06,6.1,3,80,0.35,0,-0.0493791014629047
2.7e-06,6.1,3,2.7e-06,6.1,3,80,0.35,0.05,0.12848232864092
2.7e-06,6.1,3,2.7e-06,6.1,3,80,0.35,0.1,0.365469942663014
2.7e-06,6.1,3,2.7e-06,6.1,3,80,0.35,0.15,0.533151002045393
2.7e-06,6.1,3,2.7e-06,6.1,3,80,0.35,0.2,0.651198804987478
2.7e-06,6.1,3,2.7e-06,6.1,3,80,0.35,0.25,0.734954332102766
2.7e-06,6.1,3,2.7e-06,6.1,3,80,0.35,0.3,0.795234455966451
2.7e-06,6.1,3,2.7e-06,6.1,3,80,0.35,0.35,0.839362054634646
2.7e-06,6.1,3,2.7e-06,6.1,3,80,0.35,0.4,0.872236981048545
2.7e-06,6.1,3,2.7e-06,6.1,3,80,0.35,0.45,0.897147681549698
2.7e-06,6.1,3,2.7e-06,6.1,3,80,0.35,0.5,0.916324578149815
2.7e-06,6.1,3,2.7e-06,6.1,3,80,0.35,0.55,0.931302223379215
2.7e-06,6.1,3,2.7e-06,6.1,3,80,0.35,0.6,0.943153264006516
2.7e-06,6.1,3,2.7e-06,6.1,3,80,0.35,0.65,0.952639812192517
2.7e-06,6.1,3,2.7e-06,6.1,3,80,0.35,0.7,NA
2.7e-06,6.1,3,2.7e-06,6.1,3,80,0.35,0.75,NA
2.7e-06,6.1,3,2.7e-06,6.1,3,80,0.35,0.8,NA
2.7e-06,6.1,3,2.7e-06,6.1,3,80,0.35,0.85,NA
2.7e-06,6.1,3,2.7e-06,6.1,3,80,0.35,0.9,NA
2.7e-06,6.1,3,2.7e-06,6.1,3,80,0.35,0.95,NA
2.7e-06,6.1,3,2.7e-06,6.1,3,80,0.35,1,NA
2.7e-06,6.1,3,2.7e-06,6.1,3,80,0.4,0,-0.122391511675024
2.7e-06,6.1,3,2.7e-06,6.1,3,80,0.4,0.05,-0.0265162671720496
2.7e-06,6.1,3,2.7e-06,6.1,3,80,0.4,0.1,0.187195111803786
2.7e-06,6.1,3,2.7e-06,6.1,3,80,0.4,0.15,0.40115784714768
2.7e-06,6.1,3,2.7e-06,6.1,3,80,0.4,0.2,0.55413893640849
2.7e-06,6.1,3,2.7e-06,6.1,3,80,0.4,0.25,0.663257033417323
2.7e-06,6.1,3,2.7e-06,6.1,3,80,0.4,0.3,0.741709950062925
2.7e-06,6.1,3,2.7e-06,6.1,3,80,0.4,0.35,0.798867875842494
2.7e-06,6.1,3,2.7e-06,6.1,3,80,0.4,0.4,0.841161273637211
2.7e-06,6.1,3,2.7e-06,6.1,3,80,0.4,0.45,0.872960275780784
2.7e-06,6.1,3,2.7e-06,6.1,3,80,0.4,0.5,0.897243320682172
2.7e-06,6.1,3,2.7e-06,6.1,3,80,0.4,0.55,0.916059573875315
2.7e-06,6.1,3,2.7e-06,6.1,3,80,0.4,0.6,0.930836963577429
2.7e-06,6.1,3,2.7e-06,6.1,3,80,0.4,0.65,NA
2.7e-06,6.1,3,2.7e-06,6.1,3,80,0.4,0.7,NA
2.7e-06,6.1,3,2.7e-06,6.1,3,80,0.4,0.75,NA
2.7e-06,6.1,3,2.7e-06,6.1,3,80,0.4,0.8,NA
2.7e-06,6.1,3,2.7e-06,6.1,3,80,0.4,0.85,NA
2.7e-06,6.1,3,2.7e-06,6.1,3,80,0.4,0.9,NA
2.7e-06,6.1,3,2.7e-06,6.1,3,80,0.4,0.95,NA
2.7e-06,6.1,3,2.7e-06,6.1,3,80,0.4,1,NA
2.7e-06,6.1,3,2.7e-06,6.1,3,80,0.45,0,-0.200506627318293
2.7e-06,6.1,3,2.7e-06,6.1,3,80,0.45,0.05,-0.0935422621526666
2.7e-06,6.1,3,2.7e-06,6.1,3,80,0.45,0.1,-0.00659287817031238
2.7e-06,6.1,3,2.7e-06,6.1,3,80,0.45,0.15,0.238385485419811
2.7e-06,6.1,3,2.7e-06,6.1,3,80,0.45,0.2,0.432570575827145
2.7e-06,6.1,3,2.7e-06,6.1,3,80,0.45,0.25,0.572867214526445
2.7e-06,6.1,3,2.7e-06,6.1,3,80,0.45,0.3,0.67417532855301
2.7e-06,6.1,3,2.7e-06,6.1,3,80,0.45,0.35,0.747909664083088
2.7e-06,6.1,3,2.7e-06,6.1,3,80,0.45,0.4,0.802237832901429
2.7e-06,6.1,3,2.7e-06,6.1,3,80,0.45,0.45,0.842838762284858
2.7e-06,6.1,3,2.7e-06,6.1,3,80,0.45,0.5,0.873628391166489
2.7e-06,6.1,3,2.7e-06,6.1,3,80,0.45,0.55,0.897313869023158
2.7e-06,6.1,3,2.7e-06,6.1,3,80,0.45,0.6,NA
2.7e-06,6.1,3,2.7e-06,6.1,3,80,0.45,0.65,NA
2.7e-06,6.1,3,2.7e-06,6.1,3,80,0.45,0.7,NA
2.7e-06,6.1,3,2.7e-06,6.1,3,80,0.45,0.75,NA
2.7e-06,6.1,3,2.7e-06,6.1,3,80,0.45,0.8,NA
2.7e-06,6.1,3,2.7e-06,6.1,3,80,0.45,0.85,NA
2.7e-06,6.1,3,2.7e-06,6.1,3,80,0.45,0.9,NA
2.7e-06,6.1,3,2.7e-06,6.1,3,80,0.45,0.95,NA
2.7e-06,6.1,3,2.7e-06,6.1,3,80,0.45,1,NA
2.7e-06,6.1,3,2.7e-06,6.1,3,80,0.5,0,-0.279693883167905
2.7e-06,6.1,3,2.7e-06,6.1,3,80,0.5,0.05,-0.16647569232843
2.7e-06,6.1,3,2.7e-06,6.1,3,80,0.5,0.1,-0.0680942103723319
2.7e-06,6.1,3,2.7e-06,6.1,3,80,0.5,0.15,0.043322325395488
2.7e-06,6.1,3,2.7e-06,6.1,3,80,0.5,0.2,0.283294499994755
2.7e-06,6.1,3,2.7e-06,6.1,3,80,0.5,0.25,0.460409090746315
2.7e-06,6.1,3,2.7e-06,6.1,3,80,0.5,0.3,0.589683546406952
2.7e-06,6.1,3,2.7e-06,6.1,3,80,0.5,0.35,0.68411126417935
2.7e-06,6.1,3,2.7e-06,6.1,3,80,0.5,0.4,0.753618896682254
2.7e-06,6.1,3,2.7e-06,6.1,3,80,0.5,0.45,0.80536825285698
2.7e-06,6.1,3,2.7e-06,6.1,3,80,0.5,0.5,0.84440113329123
2.7e-06,6.1,3,2.7e-06,6.1,3,80,0.5,0.55,NA
2.7e-06,6.1,3,2.7e-06,6.1,3,80,0.5,0.6,NA
2.7e-06,6.1,3,2.7e-06,6.1,3,80,0.5,0.65,NA
2.7e-06,6.1,3,2.7e-06,6.1,3,80,0.5,0.7,NA
2.7e-06,6.1,3,2.7e-06,6.1,3,80,0.5,0.75,NA
2.7e-06,6.1,3,2.7e-06,6.1,3,80,0.5,0.8,NA
2.7e-06,6.1,3,2.7e-06,6.1,3,80,0.5,0.85,NA
2.7e-06,6.1,3,2.7e-06,6.1,3,80,0.5,0.9,NA
2.7e-06,6.1,3,2.7e-06,6.1,3,80,0.5,0.95,NA
2.7e-06,6.1,3,2.7e-06,6.1,3,80,0.5,1,NA
2.7e-06,6.1,3,2.7e-06,6.1,3,80,0.55,0,-0.356222907158964
2.7e-06,6.1,3,2.7e-06,6.1,3,80,0.55,0.05,-0.241999813265613
2.7e-06,6.1,3,2.7e-06,6.1,3,80,0.55,0.1,-0.135914940532857
2.7e-06,6.1,3,2.7e-06,6.1,3,80,0.55,0.15,-0.0456419262648448
2.7e-06,6.1,3,2.7e-06,6.1,3,80,0.55,0.2,0.104533667107418
2.7e-06,6.1,3,2.7e-06,6.1,3,80,0.55,0.25,0.32293320402517
2.7e-06,6.1,3,2.7e-06,6.1,3,80,0.55,0.3,0.485233476920493
2.7e-06,6.1,3,2.7e-06,6.1,3,80,0.55,0.35,0.604863983783521
2.7e-06,6.1,3,2.7e-06,6.1,3,80,0.55,0.4,0.693189066972995
2.7e-06,6.1,3,2.7e-06,6.1,3,80,0.55,0.45,0.758888391968057
2.7e-06,6.1,3,2.7e-06,6.1,3,80,0.55,0.5,NA
2.7e-06,6.1,3,2.7e-06,6.1,3,80,0.55,0.55,NA
2.7e-06,6.1,3,2.7e-06,6.1,3,80,0.55,0.6,NA
2.7e-06,6.1,3,2.7e-06,6.1,3,80,0.55,0.65,NA
2.7e-06,6.1,3,2.7e-06,6.1,3,80,0.55,0.7,NA
2.7e-06,6.1,3,2.7e-06,6.1,3,80,0.55,0.75,NA
2.7e-06,6.1,3,2.7e-06,6.1,3,80,0.55,0.8,NA
2.7e-06,6.1,3,2.7e-06,6.1,3,80,0.55,0.85,NA
2.7e-06,6.1,3,2.7e-06,6.1,3,80,0.55,0.9,NA
2.7e-06,6.1,3,2.7e-06,6.1,3,80,0.55,0.95,NA
2.7e-06,6.1,3,2.7e-06,6.1,3,80,0.55,1,NA
2.7e-06,6.1,3,2.7e-06,6.1,3,80,0.6,0,-0.427374791772784
2.7e-06,6.1,3,2.7e-06,6.1,3,80,0.6,0.05,-0.316699675655487
2.7e-06,6.1,3,2.7e-06,6.1,3,80,0.6,0.1,-0.207407746784049
2.7e-06,6.1,3,2.7e-06,6.1,3,80,0.6,0.15,-0.10856566151708
2.7e-06,6.1,3,2.7e-06,6.1,3,80,0.6,0.2,-0.0258002291623812
2.7e-06,6.1,3,2.7e-06,6.1,3,80,0.6,0.25,0.158547110263565
2.7e-06,6.1,3,2.7e-06,6.1,3,80,0.6,0.3,0.358122138494036
2.7e-06,6.1,3,2.7e-06,6.1,3,80,0.6,0.35,0.507491990170039
2.7e-06,6.1,3,2.7e-06,6.1,3,80,0.6,0.4,0.618628725500275
2.7e-06,6.1,3,2.7e-06,6.1,3,80,0.6,0.45,NA
2.7e-06,6.1,3,2.7e-06,6.1,3,80,0.6,0.5,NA
2.7e-06,6.1,3,2.7e-06,6.1,3,80,0.6,0.55,NA
2.7e-06,6.1,3,2.7e-06,6.1,3,80,0.6,0.6,NA
2.7e-06,6.1,3,2.7e-06,6.1,3,80,0.6,0.65,NA
2.7e-06,6.1,3,2.7e-06,6.1,3,80,0.6,0.7,NA
2.7e-06,6.1,3,2.7e-06,6.1,3,80,0.6,0.75,NA
2.7e-06,6.1,3,2.7e-06,6.1,3,80,0.6,0.8,NA
2.7e-06,6.1,3,2.7e-06,6.1,3,80,0.6,0.85,NA
2.7e-06,6.1,3,2.7e-06,6.1,3,80,0.6,0.9,NA
2.7e-06,6.1,3,2.7e-06,6.1,3,80,0.6,0.95,NA
2.7e-06,6.1,3,2.7e-06,6.1,3,80,0.6,1,NA
2.7e-06,6.1,3,2.7e-06,6.1,3,80,0.65,0,-0.491647944642022
2.7e-06,6.1,3,2.7e-06,6.1,3,80,0.65,0.05,-0.387747291974009
2.7e-06,6.1,3,2.7e-06,6.1,3,80,0.65,0.1,-0.279579914976606
2.7e-06,6.1,3,2.7e-06,6.1,3,80,0.65,0.15,-0.175878799052302
2.7e-06,6.1,3,2.7e-06,6.1,3,80,0.65,0.2,-0.0841261336099102
2.7e-06,6.1,3,2.7e-06,6.1,3,80,0.65,0.25,-0.00821985569778125
2.7e-06,6.1,3,2.7e-06,6.1,3,80,0.65,0.3,0.206436674397188
2.7e-06,6.1,3,2.7e-06,6.1,3,80,0.65,0.35,0.389526683938212
2.7e-06,6.1,3,2.7e-06,6.1,3,80,0.65,0.4,NA
2.7e-06,6.1,3,2.7e-06,6.1,3,80,0.65,0.45,NA
2.7e-06,6.1,3,2.7e-06,6.1,3,80,0.65,0.5,NA
2.7e-06,6.1,3,2.7e-06,6.1,3,80,0.65,0.55,NA
2.7e-06,6.1,3,2.7e-06,6.1,3,80,0.65,0.6,NA
2.7e-06,6.1,3,2.7e-06,6.1,3,80,0.65,0.65,NA
2.7e-06,6.1,3,2.7e-06,6.1,3,80,0.65,0.7,NA
2.7e-06,6.1,3,2.7e-06,6.1,3,80,0.65,0.75,NA
2.7e-06,6.1,3,2.7e-06,6.1,3,80,0.65,0.8,NA
2.7e-06,6.1,3,2.7e-06,6.1,3,80,0.65,0.85,NA
2.7e-06,6.1,3,2.7e-06,6.1,3,80,0.65,0.9,NA
2.7e-06,6.1,3,2.7e-06,6.1,3,80,0.65,0.95,NA
2.7e-06,6.1,3,2.7e-06,6.1,3,80,0.65,1,NA
2.7e-06,6.1,3,2.7e-06,6.1,3,80,0.7,0,-0.548571330223197
2.7e-06,6.1,3,2.7e-06,6.1,3,80,0.7,0.05,-0.45326167614639
2.7e-06,6.1,3,2.7e-06,6.1,3,80,0.7,0.1,-0.349680390629972
2.7e-06,6.1,3,2.7e-06,6.1,3,80,0.7,0.15,-0.245044205377477
2.7e-06,6.1,3,2.7e-06,6.1,3,80,0.7,0.2,-0.147271840742691
2.7e-06,6.1,3,2.7e-06,6.1,3,80,0.7,0.25,-0.0622859635916564
2.7e-06,6.1,3,2.7e-06,6.1,3,80,0.7,0.3,0.0296257633130412
2.7e-06,6.1,3,2.7e-06,6.1,3,80,0.7,0.35,NA
2.7e-06,6.1,3,2.7e-06,6.1,3,80,0.7,0.4,NA
2.7e-06,6.1,3,2.7e-06,6.1,3,80,0.7,0.45,NA
2.7e-06,6.1,3,2.7e-06,6.1,3,80,0.7,0.5,NA
2.7e-06,6.1,3,2.7e-06,6.1,3,80,0.7,0.55,NA
2.7e-06,6.1,3,2.7e-06,6.1,3,80,0.7,0.6,NA
2.7e-06,6.1,3,2.7e-06,6.1,3,80,0.7,0.65,NA
2.7e-06,6.1,3,2.7e-06,6.1,3,80,0.7,0.7,NA
2.7e-06,6.1,3,2.7e-06,6.1,3,80,0.7,0.75,NA
2.7e-06,6.1,3,2.7e-06,6.1,3,80,0.7,0.8,NA
2.7e-06,6.1,3,2.7e-06,6.1,3,80,0.7,0.85,NA
2.7e-06,6.1,3,2.7e-06,6.1,3,80,0.7,0.9,NA
2.7e-06,6.1,3,2.7e-06,6.1,3,80,0.7,0.95,NA
2.7e-06,6.1,3,2.7e-06,6.1,3,80,0.7,1,NA
2.7e-06,6.1,3,2.7e-06,6.1,3,80,0.75,0,-0.598365138552226
2.7e-06,6.1,3,2.7e-06,6.1,3,80,0.75,0.05,-0.512313031345193
2.7e-06,6.1,3,2.7e-06,6.1,3,80,0.75,0.1,-0.415619224730419
2.7e-06,6.1,3,2.7e-06,6.1,3,80,0.75,0.15,-0.313512630217558
2.7e-06,6.1,3,2.7e-06,6.1,3,80,0.75,0.2,-0.213141121720209
2.7e-06,6.1,3,2.7e-06,6.1,3,80,0.75,0.25,-0.121385556181816
2.7e-06,6.1,3,2.7e-06,6.1,3,80,0.75,0.3,NA
2.7e-06,6.1,3,2.7e-06,6.1,3,80,0.75,0.35,NA
2.7e-06,6.1,3,2.7e-06,6.1,3,80,0.75,0.4,NA
2.7e-06,6.1,3,2.7e-06,6.1,3,80,0.75,0.45,NA
2.7e-06,6.1,3,2.7e-06,6.1,3,80,0.75,0.5,NA
2.7e-06,6.1,3,2.7e-06,6.1,3,80,0.75,0.55,NA
2.7e-06,6.1,3,2.7e-06,6.1,3,80,0.75,0.6,NA
2.7e-06,6.1,3,2.7e-06,6.1,3,80,0.75,0.65,NA
2.7e-06,6.1,3,2.7e-06,6.1,3,80,0.75,0.7,NA
2.7e-06,6.1,3,2.7e-06,6.1,3,80,0.75,0.75,NA
2.7e-06,6.1,3,2.7e-06,6.1,3,80,0.75,0.8,NA
2.7e-06,6.1,3,2.7e-06,6.1,3,80,0.75,0.85,NA
2.7e-06,6.1,3,2.7e-06,6.1,3,80,0.75,0.9,NA
2.7e-06,6.1,3,2.7e-06,6.1,3,80,0.75,0.95,NA
2.7e-06,6.1,3,2.7e-06,6.1,3,80,0.75,1,NA
2.7e-06,6.1,3,2.7e-06,6.1,3,80,0.8,0,-0.641625646626549
2.7e-06,6.1,3,2.7e-06,6.1,3,80,0.8,0.05,-0.564713617869496
2.7e-06,6.1,3,2.7e-06,6.1,3,80,0.8,0.1,-0.476112407590526
2.7e-06,6.1,3,2.7e-06,6.1,3,80,0.8,0.15,-0.37913426366938
2.7e-06,6.1,3,2.7e-06,6.1,3,80,0.8,0.2,-0.279456773987621
2.7e-06,6.1,3,2.7e-06,6.1,3,80,0.8,0.25,NA
2.7e-06,6.1,3,2.7e-06,6.1,3,80,0.8,0.3,NA
2.7e-06,6.1,3,2.7e-06,6.1,3,80,0.8,0.35,NA
2.7e-06,6.1,3,2.7e-06,6.1,3,80,0.8,0.4,NA
2.7e-06,6.1,3,2.7e-06,6.1,3,80,0.8,0.45,NA
2.7e-06,6.1,3,2.7e-06,6.1,3,80,0.8,0.5,NA
2.7e-06,6.1,3,2.7e-06,6.1,3,80,0.8,0.55,NA
2.7e-06,6.1,3,2.7e-06,6.1,3,80,0.8,0.6,NA
2.7e-06,6.1,3,2.7e-06,6.1,3,80,0.8,0.65,NA
2.7e-06,6.1,3,2.7e-06,6.1,3,80,0.8,0.7,NA
2.7e-06,6.1,3,2.7e-06,6.1,3,80,0.8,0.75,NA
2.7e-06,6.1,3,2.7e-06,6.1,3,80,0.8,0.8,NA
2.7e-06,6.1,3,2.7e-06,6.1,3,80,0.8,0.85,NA
2.7e-06,6.1,3,2.7e-06,6.1,3,80,0.8,0.9,NA
2.7e-06,6.1,3,2.7e-06,6.1,3,80,0.8,0.95,NA
2.7e-06,6.1,3,2.7e-06,6.1,3,80,0.8,1,NA
2.7e-06,6.1,3,2.7e-06,6.1,3,80,0.85,0,-0.679100935082641
2.7e-06,6.1,3,2.7e-06,6.1,3,80,0.85,0.05,-0.610754132843142
2.7e-06,6.1,3,2.7e-06,6.1,3,80,0.85,0.1,-0.530601257829245
2.7e-06,6.1,3,2.7e-06,6.1,3,80,0.85,0.15,-0.440386817001949
2.7e-06,6.1,3,2.7e-06,6.1,3,80,0.85,0.2,NA
2.7e-06,6.1,3,2.7e-06,6.1,3,80,0.85,0.25,NA
2.7e-06,6.1,3,2.7e-06,6.1,3,80,0.85,0.3,NA
2.7e-06,6.1,3,2.7e-06,6.1,3,80,0.85,0.35,NA
2.7e-06,6.1,3,2.7e-06,6.1,3,80,0.85,0.4,NA
2.7e-06,6.1,3,2.7e-06,6.1,3,80,0.85,0.45,NA
2.7e-06,6.1,3,2.7e-06,6.1,3,80,0.85,0.5,NA
2.7e-06,6.1,3,2.7e-06,6.1,3,80,0.85,0.55,NA
2.7e-06,6.1,3,2.7e-06,6.1,3,80,0.85,0.6,NA
2.7e-06,6.1,3,2.7e-06,6.1,3,80,0.85,0.65,NA
2.7e-06,6.1,3,2.7e-06,6.1,3,80,0.85,0.7,NA
2.7e-06,6.1,3,2.7e-06,6.1,3,80,0.85,0.75,NA
2.7e-06,6.1,3,2.7e-06,6.1,3,80,0.85,0.8,NA
2.7e-06,6.1,3,2.7e-06,6.1,3,80,0.85,0.85,NA
2.7e-06,6.1,3,2.7e-06,6.1,3,80,0.85,0.9,NA
2.7e-06,6.1,3,2.7e-06,6.1,3,80,0.85,0.95,NA
2.7e-06,6.1,3,2.7e-06,6.1,3,80,0.85,1,NA
2.7e-06,6.1,3,2.7e-06,6.1,3,80,0.9,0,-0.711557593905055
2.7e-06,6.1,3,2.7e-06,6.1,3,80,0.9,0.05,-0.650980920030415
2.7e-06,6.1,3,2.7e-06,6.1,3,80,0.9,0.1,-0.579064280659991
2.7e-06,6.1,3,2.7e-06,6.1,3,80,0.9,0.15,NA
2.7e-06,6.1,3,2.7e-06,6.1,3,80,0.9,0.2,NA
2.7e-06,6.1,3,2.7e-06,6.1,3,80,0.9,0.25,NA
2.7e-06,6.1,3,2.7e-06,6.1,3,80,0.9,0.3,NA
2.7e-06,6.1,3,2.7e-06,6.1,3,80,0.9,0.35,NA
2.7e-06,6.1,3,2.7e-06,6.1,3,80,0.9,0.4,NA
2.7e-06,6.1,3,2.7e-06,6.1,3,80,0.9,0.45,NA
2.7e-06,6.1,3,2.7e-06,6.1,3,80,0.9,0.5,NA
2.7e-06,6.1,3,2.7e-06,6.1,3,80,0.9,0.55,NA
2.7e-06,6.1,3,2.7e-06,6.1,3,80,0.9,0.6,NA
2.7e-06,6.1,3,2.7e-06,6.1,3,80,0.9,0.65,NA
2.7e-06,6.1,3,2.7e-06,6.1,3,80,0.9,0.7,NA
2.7e-06,6.1,3,2.7e-06,6.1,3,80,0.9,0.75,NA
2.7e-06,6.1,3,2.7e-06,6.1,3,80,0.9,0.8,NA
2.7e-06,6.1,3,2.7e-06,6.1,3,80,0.9,0.85,NA
2.7e-06,6.1,3,2.7e-06,6.1,3,80,0.9,0.9,NA
2.7e-06,6.1,3,2.7e-06,6.1,3,80,0.9,0.95,NA
2.7e-06,6.1,3,2.7e-06,6.1,3,80,0.9,1,NA
2.7e-06,6.1,3,2.7e-06,6.1,3,80,0.95,0,-0.739712370687903
2.7e-06,6.1,3,2.7e-06,6.1,3,80,0.95,0.05,-0.686041576013744
2.7e-06,6.1,3,2.7e-06,6.1,3,80,0.95,0.1,NA
2.7e-06,6.1,3,2.7e-06,6.1,3,80,0.95,0.15,NA
2.7e-06,6.1,3,2.7e-06,6.1,3,80,0.95,0.2,NA
2.7e-06,6.1,3,2.7e-06,6.1,3,80,0.95,0.25,NA
2.7e-06,6.1,3,2.7e-06,6.1,3,80,0.95,0.3,NA
2.7e-06,6.1,3,2.7e-06,6.1,3,80,0.95,0.35,NA
2.7e-06,6.1,3,2.7e-06,6.1,3,80,0.95,0.4,NA
2.7e-06,6.1,3,2.7e-06,6.1,3,80,0.95,0.45,NA
2.7e-06,6.1,3,2.7e-06,6.1,3,80,0.95,0.5,NA
2.7e-06,6.1,3,2.7e-06,6.1,3,80,0.95,0.55,NA
2.7e-06,6.1,3,2.7e-06,6.1,3,80,0.95,0.6,NA
2.7e-06,6.1,3,2.7e-06,6.1,3,80,0.95,0.65,NA
2.7e-06,6.1,3,2.7e-06,6.1,3,80,0.95,0.7,NA
2.7e-06,6.1,3,2.7e-06,6.1,3,80,0.95,0.75,NA
2.7e-06,6.1,3,2.7e-06,6.1,3,80,0.95,0.8,NA
2.7e-06,6.1,3,2.7e-06,6.1,3,80,0.95,0.85,NA
2.7e-06,6.1,3,2.7e-06,6.1,3,80,0.95,0.9,NA
2.7e-06,6.1,3,2.7e-06,6.1,3,80,0.95,0.95,NA
2.7e-06,6.1,3,2.7e-06,6.1,3,80,0.95,1,NA
2.7e-06,6.1,3,2.7e-06,6.1,3,80,1,0,-0.764204071639658
2.7e-06,6.1,3,2.7e-06,6.1,3,80,1,0.05,NA
2.7e-06,6.1,3,2.7e-06,6.1,3,80,1,0.1,NA
2.7e-06,6.1,3,2.7e-06,6.1,3,80,1,0.15,NA
2.7e-06,6.1,3,2.7e-06,6.1,3,80,1,0.2,NA
2.7e-06,6.1,3,2.7e-06,6.1,3,80,1,0.25,NA
2.7e-06,6.1,3,2.7e-06,6.1,3,80,1,0.3,NA
2.7e-06,6.1,3,2.7e-06,6.1,3,80,1,0.35,NA
2.7e-06,6.1,3,2.7e-06,6.1,3,80,1,0.4,NA
2.7e-06,6.1,3,2.7e-06,6.1,3,80,1,0.45,NA
2.7e-06,6.1,3,2.7e-06,6.1,3,80,1,0.5,NA
2.7e-06,6.1,3,2.7e-06,6.1,3,80,1,0.55,NA
2.7e-06,6.1,3,2.7e-06,6.1,3,80,1,0.6,NA
2.7e-06,6.1,3,2.7e-06,6.1,3,80,1,0.65,NA
2.7e-06,6.1,3,2.7e-06,6.1,3,80,1,0.7,NA
2.7e-06,6.1,3,2.7e-06,6.1,3,80,1,0.75,NA
2.7e-06,6.1,3,2.7e-06,6.1,3,80,1,0.8,NA
2.7e-06,6.1,3,2.7e-06,6.1,3,80,1,0.85,NA
2.7e-06,6.1,3,2.7e-06,6.1,3,80,1,0.9,NA
2.7e-06,6.1,3,2.7e-06,6.1,3,80,1,0.95,NA
2.7e-06,6.1,3,2.7e-06,6.1,3,80,1,1,NA
