betaK,deltaK,cK,betaE,deltaE,cE,percK,fX1,fX3,riskscore
1e-05,6.1,2.4,2.7e-06,6.1,3,80,0,0,0.822382243117974
1e-05,6.1,2.4,2.7e-06,6.1,3,80,0,0.05,0.875165348362387
1e-05,6.1,2.4,2.7e-06,6.1,3,80,0,0.1,0.907676428483211
1e-05,6.1,2.4,2.7e-06,6.1,3,80,0,0.15,0.929123828301618
1e-05,6.1,2.4,2.7e-06,6.1,3,80,0,0.2,0.944024467863593
1e-05,6.1,2.4,2.7e-06,6.1,3,80,0,0.25,0.954809761902473
1e-05,6.1,2.4,2.7e-06,6.1,3,80,0,0.3,0.962874337121831
1e-05,6.1,2.4,2.7e-06,6.1,3,80,0,0.35,0.969060754575212
1e-05,6.1,2.4,2.7e-06,6.1,3,80,0,0.4,0.973903144257637
1e-05,6.1,2.4,2.7e-06,6.1,3,80,0,0.45,0.977755329121222
1e-05,6.1,2.4,2.7e-06,6.1,3,80,0,0.5,0.980860709682956
1e-05,6.1,2.4,2.7e-06,6.1,3,80,0,0.55,0.983392055852306
1e-05,6.1,2.4,2.7e-06,6.1,3,80,0,0.6,0.985475158392699
1e-05,6.1,2.4,2.7e-06,6.1,3,80,0,0.65,0.987203509125301
1e-05,6.1,2.4,2.7e-06,6.1,3,80,0,0.7,0.988647802701344
1e-05,6.1,2.4,2.7e-06,6.1,3,80,0,0.75,0.98986227927432
1e-05,6.1,2.4,2.7e-06,6.1,3,80,0,0.8,0.990889097186529
1e-05,6.1,2.4,2.7e-06,6.1,3,80,0,0.85,0.991761422023953
1e-05,6.1,2.4,2.7e-06,6.1,3,80,0,0.9,0.992505651440754
1e-05,6.1,2.4,2.7e-06,6.1,3,80,0,0.95,0.993143031806549
1e-05,6.1,2.4,2.7e-06,6.1,3,80,0,1,0.993690850252047
1e-05,6.1,2.4,2.7e-06,6.1,3,80,0.05,0,0.772505693639571
1e-05,6.1,2.4,2.7e-06,6.1,3,80,0.05,0.05,0.843593710480714
1e-05,6.1,2.4,2.7e-06,6.1,3,80,0.05,0.1,0.886193635446511
1e-05,6.1,2.4,2.7e-06,6.1,3,80,0.05,0.15,0.913693122420328
1e-05,6.1,2.4,2.7e-06,6.1,3,80,0.05,0.2,0.932476682922954
1e-05,6.1,2.4,2.7e-06,6.1,3,80,0.05,0.25,0.945892972715739
1e-05,6.1,2.4,2.7e-06,6.1,3,80,0.05,0.3,0.95582037365174
1e-05,6.1,2.4,2.7e-06,6.1,3,80,0.05,0.35,0.963372484920653
1e-05,6.1,2.4,2.7e-06,6.1,3,80,0.05,0.4,0.969244020861949
1e-05,6.1,2.4,2.7e-06,6.1,3,80,0.05,0.45,0.973888933263841
1e-05,6.1,2.4,2.7e-06,6.1,3,80,0.05,0.5,0.977615888104218
1e-05,6.1,2.4,2.7e-06,6.1,3,80,0.05,0.55,0.980641833150224
1e-05,6.1,2.4,2.7e-06,6.1,3,80,0.05,0.6,0.983123407225797
1e-05,6.1,2.4,2.7e-06,6.1,3,80,0.05,0.65,0.985176206252849
1e-05,6.1,2.4,2.7e-06,6.1,3,80,0.05,0.7,0.986887109365687
1e-05,6.1,2.4,2.7e-06,6.1,3,80,0.05,0.75,0.988322428751996
1e-05,6.1,2.4,2.7e-06,6.1,3,80,0.05,0.8,0.989533471103391
1e-05,6.1,2.4,2.7e-06,6.1,3,80,0.05,0.85,0.99056043845563
1e-05,6.1,2.4,2.7e-06,6.1,3,80,0.05,0.9,0.991435213559538
1e-05,6.1,2.4,2.7e-06,6.1,3,80,0.05,0.95,0.992183370918927
1e-05,6.1,2.4,2.7e-06,6.1,3,80,0.05,1,NA
1e-05,6.1,2.4,2.7e-06,6.1,3,80,0.1,0,0.708155607262915
1e-05,6.1,2.4,2.7e-06,6.1,3,80,0.1,0.05,0.803806828748597
1e-05,6.1,2.4,2.7e-06,6.1,3,80,0.1,0.1,0.859655702836948
1e-05,6.1,2.4,2.7e-06,6.1,3,80,0.1,0.15,0.894937442354034
1e-05,6.1,2.4,2.7e-06,6.1,3,80,0.1,0.2,0.91862135061979
1e-05,6.1,2.4,2.7e-06,6.1,3,80,0.1,0.25,0.935304999767527
1e-05,6.1,2.4,2.7e-06,6.1,3,80,0.1,0.3,0.947514618950134
1e-05,6.1,2.4,2.7e-06,6.1,3,80,0.1,0.35,0.95672110944814
1e-05,6.1,2.4,2.7e-06,6.1,3,80,0.1,0.4,0.963827731916387
1e-05,6.1,2.4,2.7e-06,6.1,3,80,0.1,0.45,0.969416636702382
1e-05,6.1,2.4,2.7e-06,6.1,3,80,0.1,0.5,0.973878972478812
1e-05,6.1,2.4,2.7e-06,6.1,3,80,0.1,0.55,0.977486863420013
1e-05,6.1,2.4,2.7e-06,6.1,3,80,0.1,0.6,0.980435078510781
1e-05,6.1,2.4,2.7e-06,6.1,3,80,0.1,0.65,0.982866285803007
1e-05,6.1,2.4,2.7e-06,6.1,3,80,0.1,0.7,0.984887033188244
1e-05,6.1,2.4,2.7e-06,6.1,3,80,0.1,0.75,0.986578200609051
1e-05,6.1,2.4,2.7e-06,6.1,3,80,0.1,0.8,0.988002070666808
1e-05,6.1,2.4,2.7e-06,6.1,3,80,0.1,0.85,0.989207241957965
1e-05,6.1,2.4,2.7e-06,6.1,3,80,0.1,0.9,0.990232111817559
1e-05,6.1,2.4,2.7e-06,6.1,3,80,0.1,0.95,NA
1e-05,6.1,2.4,2.7e-06,6.1,3,80,0.1,1,NA
1e-05,6.1,2.4,2.7e-06,6.1,3,80,0.15,0,0.625564141789637
1e-05,6.1,2.4,2.7e-06,6.1,3,80,0.15,0.05,0.753746505224621
1e-05,6.1,2.4,2.7e-06,6.1,3,80,0.15,0.1,0.826885405604981
1e-05,6.1,2.4,2.7e-06,6.1,3,80,0.15,0.15,0.872143500291426
1e-05,6.1,2.4,2.7e-06,6.1,3,80,0.15,0.2,0.902002128664502
1e-05,6.1,2.4,2.7e-06,6.1,3,80,0.15,0.25,0.922739550933706
1e-05,6.1,2.4,2.7e-06,6.1,3,80,0.15,0.3,0.937742924832769
1e-05,6.1,2.4,2.7e-06,6.1,3,80,0.15,0.35,0.948951697822165
1e-05,6.1,2.4,2.7e-06,6.1,3,80,0.15,0.4,0.957538950517115
1e-05,6.1,2.4,2.7e-06,6.1,3,80,0.15,0.45,0.964250533589784
1e-05,6.1,2.4,2.7e-06,6.1,3,80,0.15,0.5,0.969581610943252
1e-05,6.1,2.4,2.7e-06,6.1,3,80,0.15,0.55,0.973873098054827
1e-05,6.1,2.4,2.7e-06,6.1,3,80,0.15,0.6,0.977366812422437
1e-05,6.1,2.4,2.7e-06,6.1,3,80,0.15,0.65,0.980238528124999
1e-05,6.1,2.4,2.7e-06,6.1,3,80,0.15,0.7,0.982618650476844
1e-05,6.1,2.4,2.7e-06,6.1,3,80,0.15,0.75,0.984605609694649
1e-05,6.1,2.4,2.7e-06,6.1,3,80,0.15,0.8,0.986274830454235
1e-05,6.1,2.4,2.7e-06,6.1,3,80,0.15,0.85,0.98768491147656
1e-05,6.1,2.4,2.7e-06,6.1,3,80,0.15,0.9,NA
1e-05,6.1,2.4,2.7e-06,6.1,3,80,0.15,0.95,NA
1e-05,6.1,2.4,2.7e-06,6.1,3,80,0.15,1,NA
1e-05,6.1,2.4,2.7e-06,6.1,3,80,0.2,0,0.520522691498468
1e-05,6.1,2.4,2.7e-06,6.1,3,80,0.2,0.05,0.690990611436637
1e-05,6.1,2.4,2.7e-06,6.1,3,80,0.2,0.1,0.786481599305895
1e-05,6.1,2.4,2.7e-06,6.1,3,80,0.2,0.15,0.844464228557566
1e-05,6.1,2.4,2.7e-06,6.1,3,80,0.2,0.2,0.882080978076775
1e-05,6.1,2.4,2.7e-06,6.1,3,80,0.2,0.25,0.907838677380002
1e-05,6.1,2.4,2.7e-06,6.1,3,80,0.2,0.3,0.926257249801887
1e-05,6.1,2.4,2.7e-06,6.1,3,80,0.2,0.35,0.939886277945499
1e-05,6.1,2.4,2.7e-06,6.1,3,80,0.2,0.4,0.950246187240953
1e-05,6.1,2.4,2.7e-06,6.1,3,80,0.2,0.45,0.958291052124091
1e-05,6.1,2.4,2.7e-06,6.1,3,80,0.2,0.5,0.964646828001535
1e-05,6.1,2.4,2.7e-06,6.1,3,80,0.2,0.55,0.96973997769506
1e-05,6.1,2.4,2.7e-06,6.1,3,80,0.2,0.6,0.973870245562215
1e-05,6.1,2.4,2.7e-06,6.1,3,80,0.2,0.65,0.977253803824292
1e-05,6.1,2.4,2.7e-06,6.1,3,80,0.2,0.7,0.980049941145757
1e-05,6.1,2.4,2.7e-06,6.1,3,80,0.2,0.75,0.982378188413665
1e-05,6.1,2.4,2.7e-06,6.1,3,80,0.2,0.8,0.984329673223737
1e-05,6.1,2.4,2.7e-06,6.1,3,80,0.2,0.85,NA
1e-05,6.1,2.4,2.7e-06,6.1,3,80,0.2,0.9,NA
1e-05,6.1,2.4,2.7e-06,6.1,3,80,0.2,0.95,NA
1e-05,6.1,2.4,2.7e-06,6.1,3,80,0.2,1,NA
1e-05,6.1,2.4,2.7e-06,6.1,3,80,0.25,0,0.388726485234531
1e-05,6.1,2.4,2.7e-06,6.1,3,80,0.25,0.05,0.612792384725584
1e-05,6.1,2.4,2.7e-06,6.1,3,80,0.25,0.1,0.736809632274172
1e-05,6.1,2.4,2.7e-06,6.1,3,80,0.25,0.15,0.81090589234784
1e-05,6.1,2.4,2.7e-06,6.1,3,80,0.25,0.2,0.858228666368466
1e-05,6.1,2.4,2.7e-06,6.1,3,80,0.25,0.25,0.890186448405841
1e-05,6.1,2.4,2.7e-06,6.1,3,80,0.25,0.3,0.912771504203303
1e-05,6.1,2.4,2.7e-06,6.1,3,80,0.25,0.35,0.929321087506712
1e-05,6.1,2.4,2.7e-06,6.1,3,80,0.25,0.4,0.941799918330417
1e-05,6.1,2.4,2.7e-06,6.1,3,80,0.25,0.45,0.951425668052972
1e-05,6.1,2.4,2.7e-06,6.1,3,80,0.25,0.5,0.958988112485738
1e-05,6.1,2.4,2.7e-06,6.1,3,80,0.25,0.55,0.965019770845387
1e-05,6.1,2.4,2.7e-06,6.1,3,80,0.25,0.6,0.969891519191106
1e-05,6.1,2.4,2.7e-06,6.1,3,80,0.25,0.65,0.973868706137826
1e-05,6.1,2.4,2.7e-06,6.1,3,80,0.25,0.7,0.977145509064512
1e-05,6.1,2.4,2.7e-06,6.1,3,80,0.25,0.75,0.979866769400643
1e-05,6.1,2.4,2.7e-06,6.1,3,80,0.25,0.8,NA
1e-05,6.1,2.4,2.7e-06,6.1,3,80,0.25,0.85,NA
1e-05,6.1,2.4,2.7e-06,6.1,3,80,0.25,0.9,NA
1e-05,6.1,2.4,2.7e-06,6.1,3,80,0.25,0.95,NA
1e-05,6.1,2.4,2.7e-06,6.1,3,80,0.25,1,NA
1e-05,6.1,2.4,2.7e-06,6.1,3,80,0.3,0,0.226389384194855
1e-05,6.1,2.4,2.7e-06,6.1,3,80,0.3,0.05,0.516194373341477
1e-05,6.1,2.4,2.7e-06,6.1,3,80,0.3,0.1,0.676011090660437
1e-05,6.1,2.4,2.7e-06,6.1,3,80,0.3,0.15,0.770320297227851
1e-05,6.1,2.4,2.7e-06,6.1,3,80,0.3,0.2,0.829716492064645
1e-05,6.1,2.4,2.7e-06,6.1,3,80,0.3,0.25,0.86930280785642
1e-05,6.1,2.4,2.7e-06,6.1,3,80,0.3,0.3,0.896957333239059
1e-05,6.1,2.4,2.7e-06,6.1,3,80,0.3,0.35,0.917023712504083
1e-05,6.1,2.4,2.7e-06,6.1,3,80,0.3,0.4,0.932030638005231
1e-05,6.1,2.4,2.7e-06,6.1,3,80,0.3,0.45,0.943527540806065
1e-05,6.1,2.4,2.7e-06,6.1,3,80,0.3,0.5,0.952508447486673
1e-05,6.1,2.4,2.7e-06,6.1,3,80,0.3,0.55,0.959636873362771
1e-05,6.1,2.4,2.7e-06,6.1,3,80,0.3,0.6,0.965370762507013
1e-05,6.1,2.4,2.7e-06,6.1,3,80,0.3,0.65,0.970035160905737
1e-05,6.1,2.4,2.7e-06,6.1,3,80,0.3,0.7,0.973866281635511
1e-05,6.1,2.4,2.7e-06,6.1,3,80,0.3,0.75,NA
1e-05,6.1,2.4,2.7e-06,6.1,3,80,0.3,0.8,NA
1e-05,6.1,2.4,2.7e-06,6.1,3,80,0.3,0.85,NA
1e-05,6.1,2.4,2.7e-06,6.1,3,80,0.3,0.9,NA
1e-05,6.1,2.4,2.7e-06,6.1,3,80,0.3,0.95,NA
1e-05,6.1,2.4,2.7e-06,6.1,3,80,0.3,1,NA
1e-05,6.1,2.4,2.7e-06,6.1,3,80,0.35,0,0.0594569717419395
1e-05,6.1,2.4,2.7e-06,6.1,3,80,0.35,0.05,0.398248078686791
1e-05,6.1,2.4,2.7e-06,6.1,3,80,0.35,0.1,0.602044346098251
1e-05,6.1,2.4,2.7e-06,6.1,3,80,0.35,0.15,0.721405827093681
1e-05,6.1,2.4,2.7e-06,6.1,3,80,0.35,0.2,0.79571056300287
1e-05,6.1,2.4,2.7e-06,6.1,3,80,0.35,0.25,0.844638138467171
1e-05,6.1,2.4,2.7e-06,6.1,3,80,0.35,0.3,0.878440051306638
1e-05,6.1,2.4,2.7e-06,6.1,3,80,0.35,0.35,0.902730208332958
1e-05,6.1,2.4,2.7e-06,6.1,3,80,0.35,0.4,0.920746841416128
1e-05,6.1,2.4,2.7e-06,6.1,3,80,0.35,0.45,0.934454092455462
1e-05,6.1,2.4,2.7e-06,6.1,3,80,0.35,0.5,0.945099295878236
1e-05,6.1,2.4,2.7e-06,6.1,3,80,0.35,0.55,0.953507067927398
1e-05,6.1,2.4,2.7e-06,6.1,3,80,0.35,0.6,0.960241545757134
1e-05,6.1,2.4,2.7e-06,6.1,3,80,0.35,0.65,0.965700017229832
1e-05,6.1,2.4,2.7e-06,6.1,3,80,0.35,0.7,NA
1e-05,6.1,2.4,2.7e-06,6.1,3,80,0.35,0.75,NA
1e-05,6.1,2.4,2.7e-06,6.1,3,80,0.35,0.8,NA
1e-05,6.1,2.4,2.7e-06,6.1,3,80,0.35,0.85,NA
1e-05,6.1,2.4,2.7e-06,6.1,3,80,0.35,0.9,NA
1e-05,6.1,2.4,2.7e-06,6.1,3,80,0.35,0.95,NA
1e-05,6.1,2.4,2.7e-06,6.1,3,80,0.35,1,NA
1e-05,6.1,2.4,2.7e-06,6.1,3,80,0.4,0,-0.0492322182693129
1e-05,6.1,2.4,2.7e-06,6.1,3,80,0.4,0.05,0.256363697795106
1e-05,6.1,2.4,2.7e-06,6.1,3,80,0.4,0.1,0.512769333504003
1e-05,6.1,2.4,2.7e-06,6.1,3,80,0.4,0.15,0.662722373719611
1e-05,6.1,2.4,2.7e-06,6.1,3,80,0.4,0.2,0.755270450899522
1e-05,6.1,2.4,2.7e-06,6.1,3,80,0.4,0.25,0.815569169941812
1e-05,6.1,2.4,2.7e-06,6.1,3,80,0.4,0.3,0.856794927995612
1e-05,6.1,2.4,2.7e-06,6.1,3,80,0.4,0.35,0.886142303260388
1e-05,6.1,2.4,2.7e-06,6.1,3,80,0.4,0.4,0.90773300169421
1e-05,6.1,2.4,2.7e-06,6.1,3,80,0.4,0.45,0.924045554843578
1e-05,6.1,2.4,2.7e-06,6.1,3,80,0.4,0.5,0.936639549205315
1e-05,6.1,2.4,2.7e-06,6.1,3,80,0.4,0.55,0.946536754941903
1e-05,6.1,2.4,2.7e-06,6.1,3,80,0.4,0.6,0.954430306647424
1e-05,6.1,2.4,2.7e-06,6.1,3,80,0.4,0.65,NA
1e-05,6.1,2.4,2.7e-06,6.1,3,80,0.4,0.7,NA
1e-05,6.1,2.4,2.7e-06,6.1,3,80,0.4,0.75,NA
1e-05,6.1,2.4,2.7e-06,6.1,3,80,0.4,0.8,NA
1e-05,6.1,2.4,2.7e-06,6.1,3,80,0.4,0.85,NA
1e-05,6.1,2.4,2.7e-06,6.1,3,80,0.4,0.9,NA
1e-05,6.1,2.4,2.7e-06,6.1,3,80,0.4,0.95,NA
1e-05,6.1,2.4,2.7e-06,6.1,3,80,0.4,1,NA
1e-05,6.1,2.4,2.7e-06,6.1,3,80,0.45,0,-0.113589070860631
1e-05,6.1,2.4,2.7e-06,6.1,3,80,0.45,0.05,0.105512310229457
1e-05,6.1,2.4,2.7e-06,6.1,3,80,0.45,0.1,0.406090241409044
1e-05,6.1,2.4,2.7e-06,6.1,3,80,0.45,0.15,0.592726240840131
1e-05,6.1,2.4,2.7e-06,6.1,3,80,0.45,0.2,0.707354555361912
1e-05,6.1,2.4,2.7e-06,6.1,3,80,0.45,0.25,0.781397196638419
1e-05,6.1,2.4,2.7e-06,6.1,3,80,0.45,0.3,0.831544324205068
1e-05,6.1,2.4,2.7e-06,6.1,3,80,0.45,0.35,0.866924858929664
1e-05,6.1,2.4,2.7e-06,6.1,3,80,0.45,0.4,0.892747601884171
1e-05,6.1,2.4,2.7e-06,6.1,3,80,0.45,0.45,0.912123512132603
1e-05,6.1,2.4,2.7e-06,6.1,3,80,0.45,0.5,0.926994450440791
1e-05,6.1,2.4,2.7e-06,6.1,3,80,0.45,0.55,0.938622152721156
1e-05,6.1,2.4,2.7e-06,6.1,3,80,0.45,0.6,NA
1e-05,6.1,2.4,2.7e-06,6.1,3,80,0.45,0.65,NA
1e-05,6.1,2.4,2.7e-06,6.1,3,80,0.45,0.7,NA
1e-05,6.1,2.4,2.7e-06,6.1,3,80,0.45,0.75,NA
1e-05,6.1,2.4,2.7e-06,6.1,3,80,0.45,0.8,NA
1e-05,6.1,2.4,2.7e-06,6.1,3,80,0.45,0.85,NA
1e-05,6.1,2.4,2.7e-06,6.1,3,80,0.45,0.9,NA
1e-05,6.1,2.4,2.7e-06,6.1,3,80,0.45,0.95,NA
1e-05,6.1,2.4,2.7e-06,6.1,3,80,0.45,1,NA
1e-05,6.1,2.4,2.7e-06,6.1,3,80,0.5,0,-0.183508837965174
1e-05,6.1,2.4,2.7e-06,6.1,3,80,0.5,0.05,-0.0132775129031089
1e-05,6.1,2.4,2.7e-06,6.1,3,80,0.5,0.1,0.280165265978334
1e-05,6.1,2.4,2.7e-06,6.1,3,80,0.5,0.15,0.509831774959903
1e-05,6.1,2.4,2.7e-06,6.1,3,80,0.5,0.2,0.650835165480719
1e-05,6.1,2.4,2.7e-06,6.1,3,80,0.5,0.25,0.741349782859001
1e-05,6.1,2.4,2.7e-06,6.1,3,80,0.5,0.3,0.802156053329524
1e-05,6.1,2.4,2.7e-06,6.1,3,80,0.5,0.35,0.844703765737485
1e-05,6.1,2.4,2.7e-06,6.1,3,80,0.5,0.4,0.875521336367268
1e-05,6.1,2.4,2.7e-06,6.1,3,80,0.5,0.45,0.898489485848499
1e-05,6.1,2.4,2.7e-06,6.1,3,80,0.5,0.5,0.91601452544971
1e-05,6.1,2.4,2.7e-06,6.1,3,80,0.5,0.55,NA
1e-05,6.1,2.4,2.7e-06,6.1,3,80,0.5,0.6,NA
1e-05,6.1,2.4,2.7e-06,6.1,3,80,0.5,0.65,NA
1e-05,6.1,2.4,2.7e-06,6.1,3,80,0.5,0.7,NA
1e-05,6.1,2.4,2.7e-06,6.1,3,80,0.5,0.75,NA
1e-05,6.1,2.4,2.7e-06,6.1,3,80,0.5,0.8,NA
1e-05,6.1,2.4,2.7e-06,6.1,3,80,0.5,0.85,NA
1e-05,6.1,2.4,2.7e-06,6.1,3,80,0.5,0.9,NA
1e-05,6.1,2.4,2.7e-06,6.1,3,80,0.5,0.95,NA
1e-05,6.1,2.4,2.7e-06,6.1,3,80,0.5,1,NA
1e-05,6.1,2.4,2.7e-06,6.1,3,80,0.55,0,-0.256474759378828
1e-05,6.1,2.4,2.7e-06,6.1,3,80,0.55,0.05,-0.0807344311418488
1e-05,6.1,2.4,2.7e-06,6.1,3,80,0.55,0.1,0.142486864161177
1e-05,6.1,2.4,2.7e-06,6.1,3,80,0.55,0.15,0.412505994750316
1e-05,6.1,2.4,2.7e-06,6.1,3,80,0.55,0.2,0.584526469474088
1e-05,6.1,2.4,2.7e-06,6.1,3,80,0.55,0.25,0.694587392380373
1e-05,6.1,2.4,2.7e-06,6.1,3,80,0.55,0.3,0.768043624308471
1e-05,6.1,2.4,2.7e-06,6.1,3,80,0.55,0.35,0.819064626164253
1e-05,6.1,2.4,2.7e-06,6.1,3,80,0.55,0.4,0.855755595140103
1e-05,6.1,2.4,2.7e-06,6.1,3,80,0.55,0.45,0.882923637219781
1e-05,6.1,2.4,2.7e-06,6.1,3,80,0.55,0.5,NA
1e-05,6.1,2.4,2.7e-06,6.1,3,80,0.55,0.55,NA
1e-05,6.1,2.4,2.7e-06,6.1,3,80,0.55,0.6,NA
1e-05,6.1,2.4,2.7e-06,6.1,3,80,0.55,0.65,NA
1e-05,6.1,2.4,2.7e-06,6.1,3,80,0.55,0.7,NA
1e-05,6.1,2.4,2.7e-06,6.1,3,80,0.55,0.75,NA
1e-05,6.1,2.4,2.7e-06,6.1,3,80,0.55,0.8,NA
1e-05,6.1,2.4,2.7e-06,6.1,3,80,0.55,0.85,NA
1e-05,6.1,2.4,2.7e-06,6.1,3,80,0.55,0.9,NA
1e-05,6.1,2.4,2.7e-06,6.1,3,80,0.55,0.95,NA
1e-05,6.1,2.4,2.7e-06,6.1,3,80,0.55,1,NA
1e-05,6.1,2.4,2.7e-06,6.1,3,80,0.6,0,-0.329637071909128
1e-05,6.1,2.4,2.7e-06,6.1,3,80,0.6,0.05,-0.140441226188686
1e-05,6.1,2.4,2.7e-06,6.1,3,80,0.6,0.1,0.0273737231838885
1e-05,6.1,2.4,2.7e-06,6.1,3,80,0.6,0.15,0.299399711832157
1e-05,6.1,2.4,2.7e-06,6.1,3,80,0.6,0.2,0.507229162230562
1e-05,6.1,2.4,2.7e-06,6.1,3,80,0.6,0.25,0.640216754183722
1e-05,6.1,2.4,2.7e-06,6.1,3,80,0.6,0.3,0.728569221363058
1e-05,6.1,2.4,2.7e-06,6.1,3,80,0.6,0.35,0.789552475415596
1e-05,6.1,2.4,2.7e-06,6.1,3,80,0.6,0.4,0.833121385116823
1e-05,6.1,2.4,2.7e-06,6.1,3,80,0.6,0.45,NA
1e-05,6.1,2.4,2.7e-06,6.1,3,80,0.6,0.5,NA
1e-05,6.1,2.4,2.7e-06,6.1,3,80,0.6,0.55,NA
1e-05,6.1,2.4,2.7e-06,6.1,3,80,0.6,0.6,NA
1e-05,6.1,2.4,2.7e-06,6.1,3,80,0.6,0.65,NA
1e-05,6.1,2.4,2.7e-06,6.1,3,80,0.6,0.7,NA
1e-05,6.1,2.4,2.7e-06,6.1,3,80,0.6,0.75,NA
1e-05,6.1,2.4,2.7e-06,6.1,3,80,0.6,0.8,NA
1e-05,6.1,2.4,2.7e-06,6.1,3,80,0.6,0.85,NA
1e-05,6.1,2.4,2.7e-06,6.1,3,80,0.6,0.9,NA
1e-05,6.1,2.4,2.7e-06,6.1,3,80,0.6,0.95,NA
1e-05,6.1,2.4,2.7e-06,6.1,3,80,0.6,1,NA
1e-05,6.1,2.4,2.7e-06,6.1,3,80,0.65,0,-0.400318003694351
1e-05,6.1,2.4,2.7e-06,6.1,3,80,0.65,0.05,-0.203860446067836
1e-05,6.1,2.4,2.7e-06,6.1,3,80,0.65,0.1,-0.05542196061763
1e-05,6.1,2.4,2.7e-06,6.1,3,80,0.65,0.15,0.172727247445378
1e-05,6.1,2.4,2.7e-06,6.1,3,80,0.65,0.2,0.417794370639469
1e-05,6.1,2.4,2.7e-06,6.1,3,80,0.65,0.25,0.577312745753766
1e-05,6.1,2.4,2.7e-06,6.1,3,80,0.65,0.3,0.683050243683245
1e-05,6.1,2.4,2.7e-06,6.1,3,80,0.65,0.35,0.755673076165199
1e-05,6.1,2.4,2.7e-06,6.1,3,80,0.65,0.4,NA
1e-05,6.1,2.4,2.7e-06,6.1,3,80,0.65,0.45,NA
1e-05,6.1,2.4,2.7e-06,6.1,3,80,0.65,0.5,NA
1e-05,6.1,2.4,2.7e-06,6.1,3,80,0.65,0.55,NA
1e-05,6.1,2.4,2.7e-06,6.1,3,80,0.65,0.6,NA
1e-05,6.1,2.4,2.7e-06,6.1,3,80,0.65,0.65,NA
1e-05,6.1,2.4,2.7e-06,6.1,3,80,0.65,0.7,NA
1e-05,6.1,2.4,2.7e-06,6.1,3,80,0.65,0.75,NA
1e-05,6.1,2.4,2.7e-06,6.1,3,80,0.65,0.8,NA
1e-05,6.1,2.4,2.7e-06,6.1,3,80,0.65,0.85,NA
1e-05,6.1,2.4,2.7e-06,6.1,3,80,0.65,0.9,NA
1e-05,6.1,2.4,2.7e-06,6.1,3,80,0.65,0.95,NA
1e-05,6.1,2.4,2.7e-06,6.1,3,80,0.65,1,NA
1e-05,6.1,2.4,2.7e-06,6.1,3,80,0.7,0,-0.466424517277728
1e-05,6.1,2.4,2.7e-06,6.1,3,80,0.7,0.05,-0.269146927454132
1e-05,6.1,2.4,2.7e-06,6.1,3,80,0.7,0.1,-0.106959088275075
1e-05,6.1,2.4,2.7e-06,6.1,3,80,0.7,0.15,0.0626253021951241
1e-05,6.1,2.4,2.7e-06,6.1,3,80,0.7,0.2,0.315208428475904
1e-05,6.1,2.4,2.7e-06,6.1,3,80,0.7,0.25,0.504950697866107
1e-05,6.1,2.4,2.7e-06,6.1,3,80,0.7,0.3,0.630770564288786
1e-05,6.1,2.4,2.7e-06,6.1,3,80,0.7,0.35,NA
1e-05,6.1,2.4,2.7e-06,6.1,3,80,0.7,0.4,NA
1e-05,6.1,2.4,2.7e-06,6.1,3,80,0.7,0.45,NA
1e-05,6.1,2.4,2.7e-06,6.1,3,80,0.7,0.5,NA
1e-05,6.1,2.4,2.7e-06,6.1,3,80,0.7,0.55,NA
1e-05,6.1,2.4,2.7e-06,6.1,3,80,0.7,0.6,NA
1e-05,6.1,2.4,2.7e-06,6.1,3,80,0.7,0.65,NA
1e-05,6.1,2.4,2.7e-06,6.1,3,80,0.7,0.7,NA
1e-05,6.1,2.4,2.7e-06,6.1,3,80,0.7,0.75,NA
1e-05,6.1,2.4,2.7e-06,6.1,3,80,0.7,0.8,NA
1e-05,6.1,2.4,2.7e-06,6.1,3,80,0.7,0.85,NA
1e-05,6.1,2.4,2.7e-06,6.1,3,80,0.7,0.9,NA
1e-05,6.1,2.4,2.7e-06,6.1,3,80,0.7,0.95,NA
1e-05,6.1,2.4,2.7e-06,6.1,3,80,0.7,1,NA
1e-05,6.1,2.4,2.7e-06,6.1,3,80,0.75,0,-0.526642328075972
1e-05,6.1,2.4,2.7e-06,6.1,3,80,0.75,0.05,-0.334321326702957
1e-05,6.1,2.4,2.7e-06,6.1,3,80,0.75,0.1,-0.162201662888043
1e-05,6.1,2.4,2.7e-06,6.1,3,80,0.75,0.15,-0.0256066159702295
1e-05,6.1,2.4,2.7e-06,6.1,3,80,0.75,0.2,0.200342137523155
1e-05,6.1,2.4,2.7e-06,6.1,3,80,0.75,0.25,0.422250485341016
1e-05,6.1,2.4,2.7e-06,6.1,3,80,0.75,0.3,NA
1e-05,6.1,2.4,2.7e-06,6.1,3,80,0.75,0.35,NA
1e-05,6.1,2.4,2.7e-06,6.1,3,80,0.75,0.4,NA
1e-05,6.1,2.4,2.7e-06,6.1,3,80,0.75,0.45,NA
1e-05,6.1,2.4,2.7e-06,6.1,3,80,0.75,0.5,NA
1e-05,6.1,2.4,2.7e-06,6.1,3,80,0.75,0.55,NA
1e-05,6.1,2.4,2.7e-06,6.1,3,80,0.75,0.6,NA
1e-05,6.1,2.4,2.7e-06,6.1,3,80,0.75,0.65,NA
1e-05,6.1,2.4,2.7e-06,6.1,3,80,0.75,0.7,NA
1e-05,6.1,2.4,2.7e-06,6.1,3,80,0.75,0.75,NA
1e-05,6.1,2.4,2.7e-06,6.1,3,80,0.75,0.8,NA
1e-05,6.1,2.4,2.7e-06,6.1,3,80,0.75,0.85,NA
1e-05,6.1,2.4,2.7e-06,6.1,3,80,0.75,0.9,NA
1e-05,6.1,2.4,2.7e-06,6.1,3,80,0.75,0.95,NA
1e-05,6.1,2.4,2.7e-06,6.1,3,80,0.75,1,NA
1e-05,6.1,2.4,2.7e-06,6.1,3,80,0.8,0,-0.580407756883503
1e-05,6.1,2.4,2.7e-06,6.1,3,80,0.8,0.05,-0.397540796476943
1e-05,6.1,2.4,2.7e-06,6.1,3,80,0.8,0.1,-0.219976432065915
1e-05,6.1,2.4,2.7e-06,6.1,3,80,0.8,0.15,-0.0804183713669115
1e-05,6.1,2.4,2.7e-06,6.1,3,80,0.8,0.2,0.0978353769054034
1e-05,6.1,2.4,2.7e-06,6.1,3,80,0.8,0.25,NA
1e-05,6.1,2.4,2.7e-06,6.1,3,80,0.8,0.3,NA
1e-05,6.1,2.4,2.7e-06,6.1,3,80,0.8,0.35,NA
1e-05,6.1,2.4,2.7e-06,6.1,3,80,0.8,0.4,NA
1e-05,6.1,2.4,2.7e-06,6.1,3,80,0.8,0.45,NA
1e-05,6.1,2.4,2.7e-06,6.1,3,80,0.8,0.5,NA
1e-05,6.1,2.4,2.7e-06,6.1,3,80,0.8,0.55,NA
1e-05,6.1,2.4,2.7e-06,6.1,3,80,0.8,0.6,NA
1e-05,6.1,2.4,2.7e-06,6.1,3,80,0.8,0.65,NA
1e-05,6.1,2.4,2.7e-06,6.1,3,80,0.8,0.7,NA
1e-05,6.1,2.4,2.7e-06,6.1,3,80,0.8,0.75,NA
1e-05,6.1,2.4,2.7e-06,6.1,3,80,0.8,0.8,NA
1e-05,6.1,2.4,2.7e-06,6.1,3,80,0.8,0.85,NA
1e-05,6.1,2.4,2.7e-06,6.1,3,80,0.8,0.9,NA
1e-05,6.1,2.4,2.7e-06,6.1,3,80,0.8,0.95,NA
1e-05,6.1,2.4,2.7e-06,6.1,3,80,0.8,1,NA
1e-05,6.1,2.4,2.7e-06,6.1,3,80,0.85,0,-0.627741284952078
1e-05,6.1,2.4,2.7e-06,6.1,3,80,0.85,0.05,-0.457317263207354
1e-05,6.1,2.4,2.7e-06,6.1,3,80,0.85,0.1,-0.278912395126725
1e-05,6.1,2.4,2.7e-06,6.1,3,80,0.85,0.15,-0.128843568650739
1e-05,6.1,2.4,2.7e-06,6.1,3,80,0.85,0.2,NA
1e-05,6.1,2.4,2.7e-06,6.1,3,80,0.85,0.25,NA
1e-05,6.1,2.4,2.7e-06,6.1,3,80,0.85,0.3,NA
1e-05,6.1,2.4,2.7e-06,6.1,3,80,0.85,0.35,NA
1e-05,6.1,2.4,2.7e-06,6.1,3,80,0.85,0.4,NA
1e-05,6.1,2.4,2.7e-06,6.1,3,80,0.85,0.45,NA
1e-05,6.1,2.4,2.7e-06,6.1,3,80,0.85,0.5,NA
1e-05,6.1,2.4,2.7e-06,6.1,3,80,0.85,0.55,NA
1e-05,6.1,2.4,2.7e-06,6.1,3,80,0.85,0.6,NA
1e-05,6.1,2.4,2.7e-06,6.1,3,80,0.85,0.65,NA
1e-05,6.1,2.4,2.7e-06,6.1,3,80,0.85,0.7,NA
1e-05,6.1,2.4,2.7e-06,6.1,3,80,0.85,0.75,NA
1e-05,6.1,2.4,2.7e-06,6.1,3,80,0.85,0.8,NA
1e-05,6.1,2.4,2.7e-06,6.1,3,80,0.85,0.85,NA
1e-05,6.1,2.4,2.7e-06,6.1,3,80,0.85,0.9,NA
1e-05,6.1,2.4,2.7e-06,6.1,3,80,0.85,0.95,NA
1e-05,6.1,2.4,2.7e-06,6.1,3,80,0.85,1,NA
1e-05,6.1,2.4,2.7e-06,6.1,3,80,0.9,0,-0.669041621414804
1e-05,6.1,2.4,2.7e-06,6.1,3,80,0.9,0.05,-0.512631958466257
1e-05,6.1,2.4,2.7e-06,6.1,3,80,0.9,0.1,-0.33758886507856
1e-05,6.1,2.4,2.7e-06,6.1,3,80,0.9,0.15,NA
1e-05,6.1,2.4,2.7e-06,6.1,3,80,0.9,0.2,NA
1e-05,6.1,2.4,2.7e-06,6.1,3,80,0.9,0.25,NA
1e-05,6.1,2.4,2.7e-06,6.1,3,80,0.9,0.3,NA
1e-05,6.1,2.4,2.7e-06,6.1,3,80,0.9,0.35,NA
1e-05,6.1,2.4,2.7e-06,6.1,3,80,0.9,0.4,NA
1e-05,6.1,2.4,2.7e-06,6.1,3,80,0.9,0.45,NA
1e-05,6.1,2.4,2.7e-06,6.1,3,80,0.9,0.5,NA
1e-05,6.1,2.4,2.7e-06,6.1,3,80,0.9,0.55,NA
1e-05,6.1,2.4,2.7e-06,6.1,3,80,0.9,0.6,NA
1e-05,6.1,2.4,2.7e-06,6.1,3,80,0.9,0.65,NA
1e-05,6.1,2.4,2.7e-06,6.1,3,80,0.9,0.7,NA
1e-05,6.1,2.4,2.7e-06,6.1,3,80,0.9,0.75,NA
1e-05,6.1,2.4,2.7e-06,6.1,3,80,0.9,0.8,NA
1e-05,6.1,2.4,2.7e-06,6.1,3,80,0.9,0.85,NA
1e-05,6.1,2.4,2.7e-06,6.1,3,80,0.9,0.9,NA
1e-05,6.1,2.4,2.7e-06,6.1,3,80,0.9,0.95,NA
1e-05,6.1,2.4,2.7e-06,6.1,3,80,0.9,1,NA
1e-05,6.1,2.4,2.7e-06,6.1,3,80,0.95,0,-0.704905237106064
1e-05,6.1,2.4,2.7e-06,6.1,3,80,0.95,0.05,-0.562941037791842
1e-05,6.1,2.4,2.7e-06,6.1,3,80,0.95,0.1,NA
1e-05,6.1,2.4,2.7e-06,6.1,3,80,0.95,0.15,NA
1e-05,6.1,2.4,2.7e-06,6.1,3,80,0.95,0.2,NA
1e-05,6.1,2.4,2.7e-06,6.1,3,80,0.95,0.25,NA
1e-05,6.1,2.4,2.7e-06,6.1,3,80,0.95,0.3,NA
1e-05,6.1,2.4,2.7e-06,6.1,3,80,0.95,0.35,NA
1e-05,6.1,2.4,2.7e-06,6.1,3,80,0.95,0.4,NA
1e-05,6.1,2.4,2.7e-06,6.1,3,80,0.95,0.45,NA
1e-05,6.1,2.4,2.7e-06,6.1,3,80,0.95,0.5,NA
1e-05,6.1,2.4,2.7e-06,6.1,3,80,0.95,0.55,NA
1e-05,6.1,2.4,2.7e-06,6.1,3,80,0.95,0.6,NA
1e-05,6.1,2.4,2.7e-06,6.1,3,80,0.95,0.65,NA
1e-05,6.1,2.4,2.7e-06,6.1,3,80,0.95,0.7,NA
1e-05,6.1,2.4,2.7e-06,6.1,3,80,0.95,0.75,NA
1e-05,6.1,2.4,2.7e-06,6.1,3,80,0.95,0.8,NA
1e-05,6.1,2.4,2.7e-06,6.1,3,80,0.95,0.85,NA
1e-05,6.1,2.4,2.7e-06,6.1,3,80,0.95,0.9,NA
1e-05,6.1,2.4,2.7e-06,6.1,3,80,0.95,0.95,NA
1e-05,6.1,2.4,2.7e-06,6.1,3,80,0.95,1,NA
1e-05,6.1,2.4,2.7e-06,6.1,3,80,1,0,-0.735996921211719
1e-05,6.1,2.4,2.7e-06,6.1,3,80,1,0.05,NA
1e-05,6.1,2.4,2.7e-06,6.1,3,80,1,0.1,NA
1e-05,6.1,2.4,2.7e-06,6.1,3,80,1,0.15,NA
1e-05,6.1,2.4,2.7e-06,6.1,3,80,1,0.2,NA
1e-05,6.1,2.4,2.7e-06,6.1,3,80,1,0.25,NA
1e-05,6.1,2.4,2.7e-06,6.1,3,80,1,0.3,NA
1e-05,6.1,2.4,2.7e-06,6.1,3,80,1,0.35,NA
1e-05,6.1,2.4,2.7e-06,6.1,3,80,1,0.4,NA
1e-05,6.1,2.4,2.7e-06,6.1,3,80,1,0.45,NA
1e-05,6.1,2.4,2.7e-06,6.1,3,80,1,0.5,NA
1e-05,6.1,2.4,2.7e-06,6.1,3,80,1,0.55,NA
1e-05,6.1,2.4,2.7e-06,6.1,3,80,1,0.6,NA
1e-05,6.1,2.4,2.7e-06,6.1,3,80,1,0.65,NA
1e-05,6.1,2.4,2.7e-06,6.1,3,80,1,0.7,NA
1e-05,6.1,2.4,2.7e-06,6.1,3,80,1,0.75,NA
1e-05,6.1,2.4,2.7e-06,6.1,3,80,1,0.8,NA
1e-05,6.1,2.4,2.7e-06,6.1,3,80,1,0.85,NA
1e-05,6.1,2.4,2.7e-06,6.1,3,80,1,0.9,NA
1e-05,6.1,2.4,2.7e-06,6.1,3,80,1,0.95,NA
1e-05,6.1,2.4,2.7e-06,6.1,3,80,1,1,NA
