betaK,deltaK,cK,betaE,deltaE,cE,percK,fX1,fX3,riskscore
8.8e-07,6.1,3,2.7e-06,6.1,3,80,0,0,0.81924038881996
8.8e-07,6.1,3,2.7e-06,6.1,3,80,0,0.05,0.845775929451308
8.8e-07,6.1,3,2.7e-06,6.1,3,80,0,0.1,0.867820558498639
8.8e-07,6.1,3,2.7e-06,6.1,3,80,0,0.15,0.886294105534513
8.8e-07,6.1,3,2.7e-06,6.1,3,80,0,0.2,0.901904191643166
8.8e-07,6.1,3,2.7e-06,6.1,3,80,0,0.25,0.915197020720499
8.8e-07,6.1,3,2.7e-06,6.1,3,80,0,0.3,0.926596405743832
8.8e-07,6.1,3,2.7e-06,6.1,3,80,0,0.35,0.936433371980592
8.8e-07,6.1,3,2.7e-06,6.1,3,80,0,0.4,0.944968458929715
8.8e-07,6.1,3,2.7e-06,6.1,3,80,0,0.45,0.952408463343992
8.8e-07,6.1,3,2.7e-06,6.1,3,80,0,0.5,0.958919002383815
8.8e-07,6.1,3,2.7e-06,6.1,3,80,0,0.55,0.964633953448709
8.8e-07,6.1,3,2.7e-06,6.1,3,80,0,0.6,0.969662567584874
8.8e-07,6.1,3,2.7e-06,6.1,3,80,0,0.65,0.974094849513669
8.8e-07,6.1,3,2.7e-06,6.1,3,80,0,0.7,0.978005649472226
8.8e-07,6.1,3,2.7e-06,6.1,3,80,0,0.75,0.981457790002178
8.8e-07,6.1,3,2.7e-06,6.1,3,80,0,0.8,0.984504470766434
8.8e-07,6.1,3,2.7e-06,6.1,3,80,0,0.85,0.987191129800309
8.8e-07,6.1,3,2.7e-06,6.1,3,80,0,0.9,0.989556893522362
8.8e-07,6.1,3,2.7e-06,6.1,3,80,0,0.95,0.991635714291483
8.8e-07,6.1,3,2.7e-06,6.1,3,80,0,1,0.993457267426823
8.8e-07,6.1,3,2.7e-06,6.1,3,80,0.05,0,0.767149323089707
8.8e-07,6.1,3,2.7e-06,6.1,3,80,0.05,0.05,0.802984776954454
8.8e-07,6.1,3,2.7e-06,6.1,3,80,0.05,0.1,0.832360689396188
8.8e-07,6.1,3,2.7e-06,6.1,3,80,0.05,0.15,0.856651550723307
8.8e-07,6.1,3,2.7e-06,6.1,3,80,0.05,0.2,0.876914729111416
8.8e-07,6.1,3,2.7e-06,6.1,3,80,0.05,0.25,0.893962984664124
8.8e-07,6.1,3,2.7e-06,6.1,3,80,0.05,0.3,0.908422394529992
8.8e-07,6.1,3,2.7e-06,6.1,3,80,0.05,0.35,0.920777311381721
8.8e-07,6.1,3,2.7e-06,6.1,3,80,0.05,0.4,0.931404670077309
8.8e-07,6.1,3,2.7e-06,6.1,3,80,0.05,0.45,0.940599910608559
8.8e-07,6.1,3,2.7e-06,6.1,3,80,0.05,0.5,0.948596469664118
8.8e-07,6.1,3,2.7e-06,6.1,3,80,0.05,0.55,0.955580404845632
8.8e-07,6.1,3,2.7e-06,6.1,3,80,0.05,0.6,0.961701373330094
8.8e-07,6.1,3,2.7e-06,6.1,3,80,0.05,0.65,0.96708089066548
8.8e-07,6.1,3,2.7e-06,6.1,3,80,0.05,0.7,0.971818564559387
8.8e-07,6.1,3,2.7e-06,6.1,3,80,0.05,0.75,0.975996821193531
8.8e-07,6.1,3,2.7e-06,6.1,3,80,0.05,0.8,0.979684507882081
8.8e-07,6.1,3,2.7e-06,6.1,3,80,0.05,0.85,0.982939654169117
8.8e-07,6.1,3,2.7e-06,6.1,3,80,0.05,0.9,0.985811601662084
8.8e-07,6.1,3,2.7e-06,6.1,3,80,0.05,0.95,0.988342657505194
8.8e-07,6.1,3,2.7e-06,6.1,3,80,0.05,1,NA
8.8e-07,6.1,3,2.7e-06,6.1,3,80,0.1,0,0.695664731133864
8.8e-07,6.1,3,2.7e-06,6.1,3,80,0.1,0.05,0.744982622894958
8.8e-07,6.1,3,2.7e-06,6.1,3,80,0.1,0.1,0.784926724800297
8.8e-07,6.1,3,2.7e-06,6.1,3,80,0.1,0.15,0.817526515977557
8.8e-07,6.1,3,2.7e-06,6.1,3,80,0.1,0.2,0.844358540340211
8.8e-07,6.1,3,2.7e-06,6.1,3,80,0.1,0.25,0.866638020175564
8.8e-07,6.1,3,2.7e-06,6.1,3,80,0.1,0.3,0.885299047744822
8.8e-07,6.1,3,2.7e-06,6.1,3,80,0.1,0.35,0.90106012516611
8.8e-07,6.1,3,2.7e-06,6.1,3,80,0.1,0.4,0.914475715108342
8.8e-07,6.1,3,2.7e-06,6.1,3,80,0.1,0.45,0.925975889423823
8.8e-07,6.1,3,2.7e-06,6.1,3,80,0.1,0.5,0.935896421738516
8.8e-07,6.1,3,2.7e-06,6.1,3,80,0.1,0.55,0.944501464261469
8.8e-07,6.1,3,2.7e-06,6.1,3,80,0.1,0.6,0.952000574548741
8.8e-07,6.1,3,2.7e-06,6.1,3,80,0.1,0.65,0.958561491025551
8.8e-07,6.1,3,2.7e-06,6.1,3,80,0.1,0.7,0.964319731271647
8.8e-07,6.1,3,2.7e-06,6.1,3,80,0.1,0.75,0.96938582331213
8.8e-07,6.1,3,2.7e-06,6.1,3,80,0.1,0.8,0.973850773555817
8.8e-07,6.1,3,2.7e-06,6.1,3,80,0.1,0.85,0.977790223966685
8.8e-07,6.1,3,2.7e-06,6.1,3,80,0.1,0.9,0.981267627927597
8.8e-07,6.1,3,2.7e-06,6.1,3,80,0.1,0.95,NA
8.8e-07,6.1,3,2.7e-06,6.1,3,80,0.1,1,NA
8.8e-07,6.1,3,2.7e-06,6.1,3,80,0.15,0,0.596081476087614
8.8e-07,6.1,3,2.7e-06,6.1,3,80,0.15,0.05,0.664917201662965
8.8e-07,6.1,3,2.7e-06,6.1,3,80,0.15,0.1,0.72019968700259
8.8e-07,6.1,3,2.7e-06,6.1,3,80,0.15,0.15,0.764819268315924
8.8e-07,6.1,3,2.7e-06,6.1,3,80,0.15,0.2,0.801082939355057
8.8e-07,6.1,3,2.7e-06,6.1,3,80,0.15,0.25,0.83079513617365
8.8e-07,6.1,3,2.7e-06,6.1,3,80,0.15,0.3,0.85535144077498
8.8e-07,6.1,3,2.7e-06,6.1,3,80,0.15,0.35,0.875825618371192
8.8e-07,6.1,3,2.7e-06,6.1,3,80,0.15,0.4,0.893042997209283
8.8e-07,6.1,3,2.7e-06,6.1,3,80,0.15,0.45,0.907639214515423
8.8e-07,6.1,3,2.7e-06,6.1,3,80,0.15,0.5,0.920105871165911
8.8e-07,6.1,3,2.7e-06,6.1,3,80,0.15,0.55,0.93082539640739
8.8e-07,6.1,3,2.7e-06,6.1,3,80,0.15,0.6,0.940097403257468
8.8e-07,6.1,3,2.7e-06,6.1,3,80,0.15,0.65,0.948158509548247
8.8e-07,6.1,3,2.7e-06,6.1,3,80,0.15,0.7,0.95519720980212
8.8e-07,6.1,3,2.7e-06,6.1,3,80,0.15,0.75,0.961365038989239
8.8e-07,6.1,3,2.7e-06,6.1,3,80,0.15,0.8,0.966784969203388
8.8e-07,6.1,3,2.7e-06,6.1,3,80,0.15,0.85,0.971557746147448
8.8e-07,6.1,3,2.7e-06,6.1,3,80,0.15,0.9,NA
8.8e-07,6.1,3,2.7e-06,6.1,3,80,0.15,0.95,NA
8.8e-07,6.1,3,2.7e-06,6.1,3,80,0.15,1,NA
8.8e-07,6.1,3,2.7e-06,6.1,3,80,0.2,0,0.456485517892613
8.8e-07,6.1,3,2.7e-06,6.1,3,80,0.2,0.05,0.552996327710907
8.8e-07,6.1,3,2.7e-06,6.1,3,80,0.2,0.1,0.6303841469883
8.8e-07,6.1,3,2.7e-06,6.1,3,80,0.2,0.15,0.692440168282276
8.8e-07,6.1,3,2.7e-06,6.1,3,80,0.2,0.2,0.742379936446151
8.8e-07,6.1,3,2.7e-06,6.1,3,80,0.2,0.25,0.782811265306181
8.8e-07,6.1,3,2.7e-06,6.1,3,80,0.2,0.3,0.815793036423589
8.8e-07,6.1,3,2.7e-06,6.1,3,80,0.2,0.35,0.842925674148125
8.8e-07,6.1,3,2.7e-06,6.1,3,80,0.2,0.4,0.865443178055833
8.8e-07,6.1,3,2.7e-06,6.1,3,80,0.2,0.45,0.884294126773994
8.8e-07,6.1,3,2.7e-06,6.1,3,80,0.2,0.5,0.900208078975875
8.8e-07,6.1,3,2.7e-06,6.1,3,80,0.2,0.55,0.913747890900154
8.8e-07,6.1,3,2.7e-06,6.1,3,80,0.2,0.6,0.925349995497236
8.8e-07,6.1,3,2.7e-06,6.1,3,80,0.2,0.65,0.935354991733192
8.8e-07,6.1,3,2.7e-06,6.1,3,80,0.2,0.7,0.94403070231513
8.8e-07,6.1,3,2.7e-06,6.1,3,80,0.2,0.75,0.95158948895144
8.8e-07,6.1,3,2.7e-06,6.1,3,80,0.2,0.8,0.958201243906466
8.8e-07,6.1,3,2.7e-06,6.1,3,80,0.2,0.85,NA
8.8e-07,6.1,3,2.7e-06,6.1,3,80,0.2,0.9,NA
8.8e-07,6.1,3,2.7e-06,6.1,3,80,0.2,0.95,NA
8.8e-07,6.1,3,2.7e-06,6.1,3,80,0.2,1,NA
8.8e-07,6.1,3,2.7e-06,6.1,3,80,0.25,0,0.262517213294265
8.8e-07,6.1,3,2.7e-06,6.1,3,80,0.25,0.05,0.396258584391631
8.8e-07,6.1,3,2.7e-06,6.1,3,80,0.25,0.1,0.50456179420098
8.8e-07,6.1,3,2.7e-06,6.1,3,80,0.25,0.15,0.591566985091084
8.8e-07,6.1,3,2.7e-06,6.1,3,80,0.25,0.2,0.661297492162103
8.8e-07,6.1,3,2.7e-06,6.1,3,80,0.25,0.25,0.717286741547809
8.8e-07,6.1,3,2.7e-06,6.1,3,80,0.25,0.3,0.762460803876551
8.8e-07,6.1,3,2.7e-06,6.1,3,80,0.25,0.35,0.799158830723193
8.8e-07,6.1,3,2.7e-06,6.1,3,80,0.25,0.4,0.82921205577038
8.8e-07,6.1,3,2.7e-06,6.1,3,80,0.25,0.45,0.854037451919443
8.8e-07,6.1,3,2.7e-06,6.1,3,80,0.25,0.5,0.874725432311223
8.8e-07,6.1,3,2.7e-06,6.1,3,80,0.25,0.55,0.892114093575748
8.8e-07,6.1,3,2.7e-06,6.1,3,80,0.25,0.6,0.906848788341295
8.8e-07,6.1,3,2.7e-06,6.1,3,80,0.25,0.65,0.919428484164924
8.8e-07,6.1,3,2.7e-06,6.1,3,80,0.25,0.7,0.930241194183507
8.8e-07,6.1,3,2.7e-06,6.1,3,80,0.25,0.75,0.939590771713762
8.8e-07,6.1,3,2.7e-06,6.1,3,80,0.25,0.8,NA
8.8e-07,6.1,3,2.7e-06,6.1,3,80,0.25,0.85,NA
8.8e-07,6.1,3,2.7e-06,6.1,3,80,0.25,0.9,NA
8.8e-07,6.1,3,2.7e-06,6.1,3,80,0.25,0.95,NA
8.8e-07,6.1,3,2.7e-06,6.1,3,80,0.25,1,NA
8.8e-07,6.1,3,2.7e-06,6.1,3,80,0.3,0,0.0013272047839628
8.8e-07,6.1,3,2.7e-06,6.1,3,80,0.3,0.05,0.18019209351367
8.8e-07,6.1,3,2.7e-06,6.1,3,80,0.3,0.1,0.32889713620669
8.8e-07,6.1,3,2.7e-06,6.1,3,80,0.3,0.15,0.450164845615145
8.8e-07,6.1,3,2.7e-06,6.1,3,80,0.3,0.2,0.547920252593747
8.8e-07,6.1,3,2.7e-06,6.1,3,80,0.3,0.25,0.626316615119296
8.8e-07,6.1,3,2.7e-06,6.1,3,80,0.3,0.3,0.68917437919748
8.8e-07,6.1,3,2.7e-06,6.1,3,80,0.3,0.35,0.739744915912297
8.8e-07,6.1,3,2.7e-06,6.1,3,80,0.3,0.4,0.780670480327967
8.8e-07,6.1,3,2.7e-06,6.1,3,80,0.3,0.45,0.81403967358465
8.8e-07,6.1,3,2.7e-06,6.1,3,80,0.3,0.5,0.841477118222249
8.8e-07,6.1,3,2.7e-06,6.1,3,80,0.3,0.55,0.86423586873843
8.8e-07,6.1,3,2.7e-06,6.1,3,80,0.3,0.6,0.883279216782961
8.8e-07,6.1,3,2.7e-06,6.1,3,80,0.3,0.65,0.899347955735962
8.8e-07,6.1,3,2.7e-06,6.1,3,80,0.3,0.7,0.913013472355682
8.8e-07,6.1,3,2.7e-06,6.1,3,80,0.3,0.75,NA
8.8e-07,6.1,3,2.7e-06,6.1,3,80,0.3,0.8,NA
8.8e-07,6.1,3,2.7e-06,6.1,3,80,0.3,0.85,NA
8.8e-07,6.1,3,2.7e-06,6.1,3,80,0.3,0.9,NA
8.8e-07,6.1,3,2.7e-06,6.1,3,80,0.3,0.95,NA
8.8e-07,6.1,3,2.7e-06,6.1,3,80,0.3,1,NA
8.8e-07,6.1,3,2.7e-06,6.1,3,80,0.35,0,-0.082493925422515
8.8e-07,6.1,3,2.7e-06,6.1,3,80,0.35,0.05,-0.0264384060023293
8.8e-07,6.1,3,2.7e-06,6.1,3,80,0.35,0.1,0.0893777500688604
8.8e-07,6.1,3,2.7e-06,6.1,3,80,0.35,0.15,0.25383155490831
8.8e-07,6.1,3,2.7e-06,6.1,3,80,0.35,0.2,0.389179608713834
8.8e-07,6.1,3,2.7e-06,6.1,3,80,0.35,0.25,0.498857676878186
8.8e-07,6.1,3,2.7e-06,6.1,3,80,0.35,0.3,0.586993614187956
8.8e-07,6.1,3,2.7e-06,6.1,3,80,0.35,0.35,0.657631005375131
8.8e-07,6.1,3,2.7e-06,6.1,3,80,0.35,0.4,0.714337008561107
8.8e-07,6.1,3,2.7e-06,6.1,3,80,0.35,0.45,0.760073520890775
8.8e-07,6.1,3,2.7e-06,6.1,3,80,0.35,0.5,0.797212133712724
8.8e-07,6.1,3,2.7e-06,6.1,3,80,0.35,0.55,0.827611203726221
8.8e-07,6.1,3,2.7e-06,6.1,3,80,0.35,0.6,0.852709396330714
8.8e-07,6.1,3,2.7e-06,6.1,3,80,0.35,0.65,0.87361402649855
8.8e-07,6.1,3,2.7e-06,6.1,3,80,0.35,0.7,NA
8.8e-07,6.1,3,2.7e-06,6.1,3,80,0.35,0.75,NA
8.8e-07,6.1,3,2.7e-06,6.1,3,80,0.35,0.8,NA
8.8e-07,6.1,3,2.7e-06,6.1,3,80,0.35,0.85,NA
8.8e-07,6.1,3,2.7e-06,6.1,3,80,0.35,0.9,NA
8.8e-07,6.1,3,2.7e-06,6.1,3,80,0.35,0.95,NA
8.8e-07,6.1,3,2.7e-06,6.1,3,80,0.35,1,NA
8.8e-07,6.1,3,2.7e-06,6.1,3,80,0.4,0,-0.17885727748626
8.8e-07,6.1,3,2.7e-06,6.1,3,80,0.4,0.05,-0.114670361198101
8.8e-07,6.1,3,2.7e-06,6.1,3,80,0.4,0.1,-0.0552628093601206
8.8e-07,6.1,3,2.7e-06,6.1,3,80,0.4,0.15,-0.0025207280694001
8.8e-07,6.1,3,2.7e-06,6.1,3,80,0.4,0.2,0.170583050603051
8.8e-07,6.1,3,2.7e-06,6.1,3,80,0.4,0.25,0.32099395983827
8.8e-07,6.1,3,2.7e-06,6.1,3,80,0.4,0.3,0.443763782518823
8.8e-07,6.1,3,2.7e-06,6.1,3,80,0.4,0.35,0.54277813345069
8.8e-07,6.1,3,2.7e-06,6.1,3,80,0.4,0.4,0.622196155723536
8.8e-07,6.1,3,2.7e-06,6.1,3,80,0.4,0.45,0.685866780217814
8.8e-07,6.1,3,2.7e-06,6.1,3,80,0.4,0.5,0.737077096263892
8.8e-07,6.1,3,2.7e-06,6.1,3,80,0.4,0.55,0.778504006514884
8.8e-07,6.1,3,2.7e-06,6.1,3,80,0.4,0.6,0.812266146633041
8.8e-07,6.1,3,2.7e-06,6.1,3,80,0.4,0.65,NA
8.8e-07,6.1,3,2.7e-06,6.1,3,80,0.4,0.7,NA
8.8e-07,6.1,3,2.7e-06,6.1,3,80,0.4,0.75,NA
8.8e-07,6.1,3,2.7e-06,6.1,3,80,0.4,0.8,NA
8.8e-07,6.1,3,2.7e-06,6.1,3,80,0.4,0.85,NA
8.8e-07,6.1,3,2.7e-06,6.1,3,80,0.4,0.9,NA
8.8e-07,6.1,3,2.7e-06,6.1,3,80,0.4,0.95,NA
8.8e-07,6.1,3,2.7e-06,6.1,3,80,0.4,1,NA
8.8e-07,6.1,3,2.7e-06,6.1,3,80,0.45,0,-0.280347546533228
8.8e-07,6.1,3,2.7e-06,6.1,3,80,0.45,0.05,-0.213896142689306
8.8e-07,6.1,3,2.7e-06,6.1,3,80,0.45,0.1,-0.14819753649372
8.8e-07,6.1,3,2.7e-06,6.1,3,80,0.45,0.15,-0.0859712883158358
8.8e-07,6.1,3,2.7e-06,6.1,3,80,0.45,0.2,-0.0295236621262542
8.8e-07,6.1,3,2.7e-06,6.1,3,80,0.45,0.25,0.078817274845623
8.8e-07,6.1,3,2.7e-06,6.1,3,80,0.45,0.3,0.245045918952742
8.8e-07,6.1,3,2.7e-06,6.1,3,80,0.45,0.35,0.382012736267001
8.8e-07,6.1,3,2.7e-06,6.1,3,80,0.45,0.4,0.493079987966876
8.8e-07,6.1,3,2.7e-06,6.1,3,80,0.45,0.45,0.582360594841086
8.8e-07,6.1,3,2.7e-06,6.1,3,80,0.45,0.5,0.6539170912387
8.8e-07,6.1,3,2.7e-06,6.1,3,80,0.45,0.55,0.71134996187175
8.8e-07,6.1,3,2.7e-06,6.1,3,80,0.45,0.6,NA
8.8e-07,6.1,3,2.7e-06,6.1,3,80,0.45,0.65,NA
8.8e-07,6.1,3,2.7e-06,6.1,3,80,0.45,0.7,NA
8.8e-07,6.1,3,2.7e-06,6.1,3,80,0.45,0.75,NA
8.8e-07,6.1,3,2.7e-06,6.1,3,80,0.45,0.8,NA
8.8e-07,6.1,3,2.7e-06,6.1,3,80,0.45,0.85,NA
8.8e-07,6.1,3,2.7e-06,6.1,3,80,0.45,0.9,NA
8.8e-07,6.1,3,2.7e-06,6.1,3,80,0.45,0.95,NA
8.8e-07,6.1,3,2.7e-06,6.1,3,80,0.45,1,NA
8.8e-07,6.1,3,2.7e-06,6.1,3,80,0.5,0,-0.377791071900102
8.8e-07,6.1,3,2.7e-06,6.1,3,80,0.5,0.05,-0.314928289787769
8.8e-07,6.1,3,2.7e-06,6.1,3,80,0.5,0.1,-0.249142695133191
8.8e-07,6.1,3,2.7e-06,6.1,3,80,0.5,0.15,-0.182704498903577
8.8e-07,6.1,3,2.7e-06,6.1,3,80,0.5,0.2,-0.118313562464367
8.8e-07,6.1,3,2.7e-06,6.1,3,80,0.5,0.25,-0.0585660172680107
8.8e-07,6.1,3,2.7e-06,6.1,3,80,0.5,0.3,-0.00539941405936396
8.8e-07,6.1,3,2.7e-06,6.1,3,80,0.5,0.35,0.160869891802249
8.8e-07,6.1,3,2.7e-06,6.1,3,80,0.5,0.4,0.312995985181183
8.8e-07,6.1,3,2.7e-06,6.1,3,80,0.5,0.45,0.43728148494108
8.8e-07,6.1,3,2.7e-06,6.1,3,80,0.5,0.5,0.537569153372011
8.8e-07,6.1,3,2.7e-06,6.1,3,80,0.5,0.55,NA
8.8e-07,6.1,3,2.7e-06,6.1,3,80,0.5,0.6,NA
8.8e-07,6.1,3,2.7e-06,6.1,3,80,0.5,0.65,NA
8.8e-07,6.1,3,2.7e-06,6.1,3,80,0.5,0.7,NA
8.8e-07,6.1,3,2.7e-06,6.1,3,80,0.5,0.75,NA
8.8e-07,6.1,3,2.7e-06,6.1,3,80,0.5,0.8,NA
8.8e-07,6.1,3,2.7e-06,6.1,3,80,0.5,0.85,NA
8.8e-07,6.1,3,2.7e-06,6.1,3,80,0.5,0.9,NA
8.8e-07,6.1,3,2.7e-06,6.1,3,80,0.5,0.95,NA
8.8e-07,6.1,3,2.7e-06,6.1,3,80,0.5,1,NA
8.8e-07,6.1,3,2.7e-06,6.1,3,80,0.55,0,-0.464977689736214
8.8e-07,6.1,3,2.7e-06,6.1,3,80,0.55,0.05,-0.409318139081646
8.8e-07,6.1,3,2.7e-06,6.1,3,80,0.55,0.1,-0.348677637817766
8.8e-07,6.1,3,2.7e-06,6.1,3,80,0.55,0.15,-0.284198671204653
8.8e-07,6.1,3,2.7e-06,6.1,3,80,0.55,0.2,-0.217786532176005
8.8e-07,6.1,3,2.7e-06,6.1,3,80,0.55,0.25,-0.151968010457439
8.8e-07,6.1,3,2.7e-06,6.1,3,80,0.55,0.3,-0.0894686565796191
8.8e-07,6.1,3,2.7e-06,6.1,3,80,0.55,0.35,-0.0326338817100069
8.8e-07,6.1,3,2.7e-06,6.1,3,80,0.55,0.4,0.0681510177618088
8.8e-07,6.1,3,2.7e-06,6.1,3,80,0.55,0.45,0.236159749247985
8.8e-07,6.1,3,2.7e-06,6.1,3,80,0.55,0.5,NA
8.8e-07,6.1,3,2.7e-06,6.1,3,80,0.55,0.55,NA
8.8e-07,6.1,3,2.7e-06,6.1,3,80,0.55,0.6,NA
8.8e-07,6.1,3,2.7e-06,6.1,3,80,0.55,0.65,NA
8.8e-07,6.1,3,2.7e-06,6.1,3,80,0.55,0.7,NA
8.8e-07,6.1,3,2.7e-06,6.1,3,80,0.55,0.75,NA
8.8e-07,6.1,3,2.7e-06,6.1,3,80,0.55,0.8,NA
8.8e-07,6.1,3,2.7e-06,6.1,3,80,0.55,0.85,NA
8.8e-07,6.1,3,2.7e-06,6.1,3,80,0.55,0.9,NA
8.8e-07,6.1,3,2.7e-06,6.1,3,80,0.55,0.95,NA
8.8e-07,6.1,3,2.7e-06,6.1,3,80,0.55,1,NA
8.8e-07,6.1,3,2.7e-06,6.1,3,80,0.6,0,-0.539554881696956
8.8e-07,6.1,3,2.7e-06,6.1,3,80,0.6,0.05,-0.492237817793578
8.8e-07,6.1,3,2.7e-06,6.1,3,80,0.6,0.1,-0.439438568219151
8.8e-07,6.1,3,2.7e-06,6.1,3,80,0.6,0.15,-0.381338590438408
8.8e-07,6.1,3,2.7e-06,6.1,3,80,0.6,0.2,-0.318702104158364
8.8e-07,6.1,3,2.7e-06,6.1,3,80,0.6,0.25,-0.253031107777288
8.8e-07,6.1,3,2.7e-06,6.1,3,80,0.6,0.3,-0.186558744011805
8.8e-07,6.1,3,2.7e-06,6.1,3,80,0.6,0.35,-0.121972827854594
8.8e-07,6.1,3,2.7e-06,6.1,3,80,0.6,0.4,-0.0618920021503553
8.8e-07,6.1,3,2.7e-06,6.1,3,80,0.6,0.45,NA
8.8e-07,6.1,3,2.7e-06,6.1,3,80,0.6,0.5,NA
8.8e-07,6.1,3,2.7e-06,6.1,3,80,0.6,0.55,NA
8.8e-07,6.1,3,2.7e-06,6.1,3,80,0.6,0.6,NA
8.8e-07,6.1,3,2.7e-06,6.1,3,80,0.6,0.65,NA
8.8e-07,6.1,3,2.7e-06,6.1,3,80,0.6,0.7,NA
8.8e-07,6.1,3,2.7e-06,6.1,3,80,0.6,0.75,NA
8.8e-07,6.1,3,2.7e-06,6.1,3,80,0.6,0.8,NA
8.8e-07,6.1,3,2.7e-06,6.1,3,80,0.6,0.85,NA
8.8e-07,6.1,3,2.7e-06,6.1,3,80,0.6,0.9,NA
8.8e-07,6.1,3,2.7e-06,6.1,3,80,0.6,0.95,NA
8.8e-07,6.1,3,2.7e-06,6.1,3,80,0.6,1,NA
8.8e-07,6.1,3,2.7e-06,6.1,3,80,0.65,0,-0.601841877389602
8.8e-07,6.1,3,2.7e-06,6.1,3,80,0.65,0.05,-0.562437043087341
8.8e-07,6.1,3,2.7e-06,6.1,3,80,0.65,0.1,-0.517956091516668
8.8e-07,6.1,3,2.7e-06,6.1,3,80,0.65,0.15,-0.468064483478157
8.8e-07,6.1,3,2.7e-06,6.1,3,80,0.65,0.2,-0.412716212974919
8.8e-07,6.1,3,2.7e-06,6.1,3,80,0.65,0.25,-0.352342730722655
8.8e-07,6.1,3,2.7e-06,6.1,3,80,0.65,0.3,-0.288043001611254
8.8e-07,6.1,3,2.7e-06,6.1,3,80,0.65,0.35,-0.221678886862162
8.8e-07,6.1,3,2.7e-06,6.1,3,80,0.65,0.4,NA
8.8e-07,6.1,3,2.7e-06,6.1,3,80,0.65,0.45,NA
8.8e-07,6.1,3,2.7e-06,6.1,3,80,0.65,0.5,NA
8.8e-07,6.1,3,2.7e-06,6.1,3,80,0.65,0.55,NA
8.8e-07,6.1,3,2.7e-06,6.1,3,80,0.65,0.6,NA
8.8e-07,6.1,3,2.7e-06,6.1,3,80,0.65,0.65,NA
8.8e-07,6.1,3,2.7e-06,6.1,3,80,0.65,0.7,NA
8.8e-07,6.1,3,2.7e-06,6.1,3,80,0.65,0.75,NA
8.8e-07,6.1,3,2.7e-06,6.1,3,80,0.65,0.8,NA
8.8e-07,6.1,3,2.7e-06,6.1,3,80,0.65,0.85,NA
8.8e-07,6.1,3,2.7e-06,6.1,3,80,0.65,0.9,NA
8.8e-07,6.1,3,2.7e-06,6.1,3,80,0.65,0.95,NA
8.8e-07,6.1,3,2.7e-06,6.1,3,80,0.65,1,NA
8.8e-07,6.1,3,2.7e-06,6.1,3,80,0.7,0,-0.653385624937309
8.8e-07,6.1,3,2.7e-06,6.1,3,80,0.7,0.05,-0.620802064136792
8.8e-07,6.1,3,2.7e-06,6.1,3,80,0.7,0.1,-0.583895186676314
8.8e-07,6.1,3,2.7e-06,6.1,3,80,0.7,0.15,-0.542154188622588
8.8e-07,6.1,3,2.7e-06,6.1,3,80,0.7,0.2,-0.495154096713239
8.8e-07,6.1,3,2.7e-06,6.1,3,80,0.7,0.25,-0.442674973277503
8.8e-07,6.1,3,2.7e-06,6.1,3,80,0.7,0.3,-0.384870392001192
8.8e-07,6.1,3,2.7e-06,6.1,3,80,0.7,0.35,NA
8.8e-07,6.1,3,2.7e-06,6.1,3,80,0.7,0.4,NA
8.8e-07,6.1,3,2.7e-06,6.1,3,80,0.7,0.45,NA
8.8e-07,6.1,3,2.7e-06,6.1,3,80,0.7,0.5,NA
8.8e-07,6.1,3,2.7e-06,6.1,3,80,0.7,0.55,NA
8.8e-07,6.1,3,2.7e-06,6.1,3,80,0.7,0.6,NA
8.8e-07,6.1,3,2.7e-06,6.1,3,80,0.7,0.65,NA
8.8e-07,6.1,3,2.7e-06,6.1,3,80,0.7,0.7,NA
8.8e-07,6.1,3,2.7e-06,6.1,3,80,0.7,0.75,NA
8.8e-07,6.1,3,2.7e-06,6.1,3,80,0.7,0.8,NA
8.8e-07,6.1,3,2.7e-06,6.1,3,80,0.7,0.85,NA
8.8e-07,6.1,3,2.7e-06,6.1,3,80,0.7,0.9,NA
8.8e-07,6.1,3,2.7e-06,6.1,3,80,0.7,0.95,NA
8.8e-07,6.1,3,2.7e-06,6.1,3,80,0.7,1,NA
8.8e-07,6.1,3,2.7e-06,6.1,3,80,0.75,0,-0.696032900767805
8.8e-07,6.1,3,2.7e-06,6.1,3,80,0.75,0.05,-0.669059389882191
8.8e-07,6.1,3,2.7e-06,6.1,3,80,0.75,0.1,-0.638551244449059
8.8e-07,6.1,3,2.7e-06,6.1,3,80,0.75,0.15,-0.603998029950138
8.8e-07,6.1,3,2.7e-06,6.1,3,80,0.75,0.2,-0.564875977797679
8.8e-07,6.1,3,2.7e-06,6.1,3,80,0.75,0.25,-0.520702927581671
8.8e-07,6.1,3,2.7e-06,6.1,3,80,0.75,0.3,NA
8.8e-07,6.1,3,2.7e-06,6.1,3,80,0.75,0.35,NA
8.8e-07,6.1,3,2.7e-06,6.1,3,80,0.75,0.4,NA
8.8e-07,6.1,3,2.7e-06,6.1,3,80,0.75,0.45,NA
8.8e-07,6.1,3,2.7e-06,6.1,3,80,0.75,0.5,NA
8.8e-07,6.1,3,2.7e-06,6.1,3,80,0.75,0.55,NA
8.8e-07,6.1,3,2.7e-06,6.1,3,80,0.75,0.6,NA
8.8e-07,6.1,3,2.7e-06,6.1,3,80,0.75,0.65,NA
8.8e-07,6.1,3,2.7e-06,6.1,3,80,0.75,0.7,NA
8.8e-07,6.1,3,2.7e-06,6.1,3,80,0.75,0.75,NA
8.8e-07,6.1,3,2.7e-06,6.1,3,80,0.75,0.8,NA
8.8e-07,6.1,3,2.7e-06,6.1,3,80,0.75,0.85,NA
8.8e-07,6.1,3,2.7e-06,6.1,3,80,0.75,0.9,NA
8.8e-07,6.1,3,2.7e-06,6.1,3,80,0.75,0.95,NA
8.8e-07,6.1,3,2.7e-06,6.1,3,80,0.75,1,NA
8.8e-07,6.1,3,2.7e-06,6.1,3,80,0.8,0,-0.731497574402635
8.8e-07,6.1,3,2.7e-06,6.1,3,80,0.8,0.05,-0.709039837091213
8.8e-07,6.1,3,2.7e-06,6.1,3,80,0.8,0.1,-0.683743892026765
8.8e-07,6.1,3,2.7e-06,6.1,3,80,0.8,0.15,-0.655167749917396
8.8e-07,6.1,3,2.7e-06,6.1,3,80,0.8,0.2,-0.622820606256905
8.8e-07,6.1,3,2.7e-06,6.1,3,80,0.8,0.25,NA
8.8e-07,6.1,3,2.7e-06,6.1,3,80,0.8,0.3,NA
8.8e-07,6.1,3,2.7e-06,6.1,3,80,0.8,0.35,NA
8.8e-07,6.1,3,2.7e-06,6.1,3,80,0.8,0.4,NA
8.8e-07,6.1,3,2.7e-06,6.1,3,80,0.8,0.45,NA
8.8e-07,6.1,3,2.7e-06,6.1,3,80,0.8,0.5,NA
8.8e-07,6.1,3,2.7e-06,6.1,3,80,0.8,0.55,NA
8.8e-07,6.1,3,2.7e-06,6.1,3,80,0.8,0.6,NA
8.8e-07,6.1,3,2.7e-06,6.1,3,80,0.8,0.65,NA
8.8e-07,6.1,3,2.7e-06,6.1,3,80,0.8,0.7,NA
8.8e-07,6.1,3,2.7e-06,6.1,3,80,0.8,0.75,NA
8.8e-07,6.1,3,2.7e-06,6.1,3,80,0.8,0.8,NA
8.8e-07,6.1,3,2.7e-06,6.1,3,80,0.8,0.85,NA
8.8e-07,6.1,3,2.7e-06,6.1,3,80,0.8,0.9,NA
8.8e-07,6.1,3,2.7e-06,6.1,3,80,0.8,0.95,NA
8.8e-07,6.1,3,2.7e-06,6.1,3,80,0.8,1,NA
8.8e-07,6.1,3,2.7e-06,6.1,3,80,0.85,0,-0.761217313390712
8.8e-07,6.1,3,2.7e-06,6.1,3,80,0.85,0.05,-0.742368722606112
8.8e-07,6.1,3,2.7e-06,6.1,3,80,0.85,0.1,-0.721252768365027
8.8e-07,6.1,3,2.7e-06,6.1,3,80,0.85,0.15,-0.697510515380757
8.8e-07,6.1,3,2.7e-06,6.1,3,80,0.85,0.2,NA
8.8e-07,6.1,3,2.7e-06,6.1,3,80,0.85,0.25,NA
8.8e-07,6.1,3,2.7e-06,6.1,3,80,0.85,0.3,NA
8.8e-07,6.1,3,2.7e-06,6.1,3,80,0.85,0.35,NA
8.8e-07,6.1,3,2.7e-06,6.1,3,80,0.85,0.4,NA
8.8e-07,6.1,3,2.7e-06,6.1,3,80,0.85,0.45,NA
8.8e-07,6.1,3,2.7e-06,6.1,3,80,0.85,0.5,NA
8.8e-07,6.1,3,2.7e-06,6.1,3,80,0.85,0.55,NA
8.8e-07,6.1,3,2.7e-06,6.1,3,80,0.85,0.6,NA
8.8e-07,6.1,3,2.7e-06,6.1,3,80,0.85,0.65,NA
8.8e-07,6.1,3,2.7e-06,6.1,3,80,0.85,0.7,NA
8.8e-07,6.1,3,2.7e-06,6.1,3,80,0.85,0.75,NA
8.8e-07,6.1,3,2.7e-06,6.1,3,80,0.85,0.8,NA
8.8e-07,6.1,3,2.7e-06,6.1,3,80,0.85,0.85,NA
8.8e-07,6.1,3,2.7e-06,6.1,3,80,0.85,0.9,NA
8.8e-07,6.1,3,2.7e-06,6.1,3,80,0.85,0.95,NA
8.8e-07,6.1,3,2.7e-06,6.1,3,80,0.85,1,NA
8.8e-07,6.1,3,2.7e-06,6.1,3,80,0.9,0,-0.786343296215022
8.8e-07,6.1,3,2.7e-06,6.1,3,80,0.9,0.05,-0.770382001444533
8.8e-07,6.1,3,2.7e-06,6.1,3,80,0.9,0.1,-0.752605680040374
8.8e-07,6.1,3,2.7e-06,6.1,3,80,0.9,0.15,NA
8.8e-07,6.1,3,2.7e-06,6.1,3,80,0.9,0.2,NA
8.8e-07,6.1,3,2.7e-06,6.1,3,80,0.9,0.25,NA
8.8e-07,6.1,3,2.7e-06,6.1,3,80,0.9,0.3,NA
8.8e-07,6.1,3,2.7e-06,6.1,3,80,0.9,0.35,NA
8.8e-07,6.1,3,2.7e-06,6.1,3,80,0.9,0.4,NA
8.8e-07,6.1,3,2.7e-06,6.1,3,80,0.9,0.45,NA
8.8e-07,6.1,3,2.7e-06,6.1,3,80,0.9,0.5,NA
8.8e-07,6.1,3,2.7e-06,6.1,3,80,0.9,0.55,NA
8.8e-07,6.1,3,2.7e-06,6.1,3,80,0.9,0.6,NA
8.8e-07,6.1,3,2.7e-06,6.1,3,80,0.9,0.65,NA
8.8e-07,6.1,3,2.7e-06,6.1,3,80,0.9,0.7,NA
8.8e-07,6.1,3,2.7e-06,6.1,3,80,0.9,0.75,NA
8.8e-07,6.1,3,2.7e-06,6.1,3,80,0.9,0.8,NA
8.8e-07,6.1,3,2.7e-06,6.1,3,80,0.9,0.85,NA
8.8e-07,6.1,3,2.7e-06,6.1,3,80,0.9,0.9,NA
8.8e-07,6.1,3,2.7e-06,6.1,3,80,0.9,0.95,NA
8.8e-07,6.1,3,2.7e-06,6.1,3,80,0.9,1,NA
8.8e-07,6.1,3,2.7e-06,6.1,3,80,0.95,0,-0.807779165906693
8.8e-07,6.1,3,2.7e-06,6.1,3,80,0.95,0.05,-0.79413976889619
8.8e-07,6.1,3,2.7e-06,6.1,3,80,0.95,0.1,NA
8.8e-07,6.1,3,2.7e-06,6.1,3,80,0.95,0.15,NA
8.8e-07,6.1,3,2.7e-06,6.1,3,80,0.95,0.2,NA
8.8e-07,6.1,3,2.7e-06,6.1,3,80,0.95,0.25,NA
8.8e-07,6.1,3,2.7e-06,6.1,3,80,0.95,0.3,NA
8.8e-07,6.1,3,2.7e-06,6.1,3,80,0.95,0.35,NA
8.8e-07,6.1,3,2.7e-06,6.1,3,80,0.95,0.4,NA
8.8e-07,6.1,3,2.7e-06,6.1,3,80,0.95,0.45,NA
8.8e-07,6.1,3,2.7e-06,6.1,3,80,0.95,0.5,NA
8.8e-07,6.1,3,2.7e-06,6.1,3,80,0.95,0.55,NA
8.8e-07,6.1,3,2.7e-06,6.1,3,80,0.95,0.6,NA
8.8e-07,6.1,3,2.7e-06,6.1,3,80,0.95,0.65,NA
8.8e-07,6.1,3,2.7e-06,6.1,3,80,0.95,0.7,NA
8.8e-07,6.1,3,2.7e-06,6.1,3,80,0.95,0.75,NA
8.8e-07,6.1,3,2.7e-06,6.1,3,80,0.95,0.8,NA
8.8e-07,6.1,3,2.7e-06,6.1,3,80,0.95,0.85,NA
8.8e-07,6.1,3,2.7e-06,6.1,3,80,0.95,0.9,NA
8.8e-07,6.1,3,2.7e-06,6.1,3,80,0.95,0.95,NA
8.8e-07,6.1,3,2.7e-06,6.1,3,80,0.95,1,NA
8.8e-07,6.1,3,2.7e-06,6.1,3,80,1,0,-0.826229838282302
8.8e-07,6.1,3,2.7e-06,6.1,3,80,1,0.05,NA
8.8e-07,6.1,3,2.7e-06,6.1,3,80,1,0.1,NA
8.8e-07,6.1,3,2.7e-06,6.1,3,80,1,0.15,NA
8.8e-07,6.1,3,2.7e-06,6.1,3,80,1,0.2,NA
8.8e-07,6.1,3,2.7e-06,6.1,3,80,1,0.25,NA
8.8e-07,6.1,3,2.7e-06,6.1,3,80,1,0.3,NA
8.8e-07,6.1,3,2.7e-06,6.1,3,80,1,0.35,NA
8.8e-07,6.1,3,2.7e-06,6.1,3,80,1,0.4,NA
8.8e-07,6.1,3,2.7e-06,6.1,3,80,1,0.45,NA
8.8e-07,6.1,3,2.7e-06,6.1,3,80,1,0.5,NA
8.8e-07,6.1,3,2.7e-06,6.1,3,80,1,0.55,NA
8.8e-07,6.1,3,2.7e-06,6.1,3,80,1,0.6,NA
8.8e-07,6.1,3,2.7e-06,6.1,3,80,1,0.65,NA
8.8e-07,6.1,3,2.7e-06,6.1,3,80,1,0.7,NA
8.8e-07,6.1,3,2.7e-06,6.1,3,80,1,0.75,NA
8.8e-07,6.1,3,2.7e-06,6.1,3,80,1,0.8,NA
8.8e-07,6.1,3,2.7e-06,6.1,3,80,1,0.85,NA
8.8e-07,6.1,3,2.7e-06,6.1,3,80,1,0.9,NA
8.8e-07,6.1,3,2.7e-06,6.1,3,80,1,0.95,NA
8.8e-07,6.1,3,2.7e-06,6.1,3,80,1,1,NA
